0;-0.0191714 ; 1.3333043 ; 0.0738929 ; 0.22513165;-0.57946524
0; 0.28094889; 1.54194   ;-0.03807497;-1.07508764;-0.35448896
0;-0.05153803; 0.69490594; 0.3174685 ;-2.90885521;-1.17028309
0; 0.17857467; 1.20014365; 0.99621272; 1.71437572;-1.68055176
0;0.02467485;1.62375979;1.27503315;0.37928003;1.17079316
0; 0.13355031; 1.29689395; 1.59126353; 0.5763882 ;-0.28241789
0; 0.59015562; 1.44407953; 0.12117599;-0.64058527; 0.37903875
0;-0.14501977; 0.7898397 ; 0.95802624;-1.67074652;-0.36176758
0;-0.29353493; 1.17237908;-1.17682569;-0.90672675; 0.66688592
0;-0.36080229; 1.52877937; 0.90798823; 0.00906967;-0.47527614
0; 0.01472877; 1.95244932;-0.04227536;-0.20001402; 1.21951831
0;-0.32614252; 1.15647857;-0.92474559; 2.48241883;-0.51647208
0;-0.13174561; 1.44114189;-0.93923985; 0.50462101; 0.08092217
0;-0.12382486; 1.01429372;-0.32001072;-0.35265763; 0.18902532
0;-0.07820946; 2.07904882;-0.15736073;-0.85478061; 0.95315751
0; 0.05852752; 1.90056653;-0.4859261 ; 0.81255542;-1.29187023
0;0.07896326;1.27327874;0.1131236 ;1.50293835;0.74732449
0; 0.20529006; 1.17856147;-1.8470172 ;-0.66264633; 0.04610928
0;-0.52946855; 1.09100834; 1.80621644;-0.40352434;-0.23514382
0;0.23018515;1.72001186;0.27156212;1.40261808;0.08122343
0;0.01721841;1.01583818;1.08362115;0.70589108;1.85217024
0; 0.17163387; 1.22221975; 1.38378906; 0.02893899;-0.97445174
0;-0.15866116; 1.15119408;-0.04750202;-0.2346412 ; 0.07851461
0;-0.25989891; 1.19857649; 0.68931353;-1.14755102;-0.12563745
0;-0.20216261; 1.87923078; 0.70613681; 0.69763238; 1.28306089
0;0.20546573;1.24065065;0.88994425;0.40060214;1.81834869
0; 0.1876507 ; 1.26898452; 0.01609529;-0.1399562 ; 0.30578984
0; 0.03434232; 1.46062744;-0.78515846; 0.82004048; 0.24179731
0; 0.21056466; 0.79743054; 2.39117875;-0.56232207;-0.82083962
0; 0.29544163; 0.87330872; 0.28716299;-1.94514499;-1.08892643
0;-0.4274221 ; 1.40860433; 0.57254069; 0.15886599; 0.04188607
0; 0.4772675 ; 1.42940809;-0.87533513;-0.03532854; 0.39854256
0;-0.25507739; 1.10175369;-1.84219616;-1.66986719; 0.05302153
0; 0.01213539; 1.13433257;-0.37200542; 0.1674974 ; 0.62701022
0; 0.08440264; 1.2537027 ;-0.26620703;-1.16555432;-0.43599297
0; 0.56478787; 1.63552129; 2.54932994;-2.18640134;-0.32309658
0; 0.22170587; 1.19831828; 1.27745739; 0.41420596;-0.60009899
0; 0.24206484; 1.57242398; 2.4128251 ; 0.53750382;-0.65572233
0; 0.63976991; 1.73577373; 0.18493798;-0.13800269; 0.4879589 
0;-0.5800739 ; 1.33686249;-0.8532992 ; 3.32477856;-0.35793369
0; 0.31611821; 1.35857457;-0.95423348; 0.80120886; 1.54488258
0;-0.63676468; 1.16542136; 0.8568158 ;-0.7417343 ;-0.04308295
0;-0.32819668; 1.15781856;-0.34616934; 0.88714131;-1.95654298
0;0.25946254;1.56500742;0.6424713 ;0.0387314 ;0.17669831
0; 0.44012653; 1.25685206;-0.59533091;-0.92949012;-0.24412227
0; 0.06154964; 1.06707749; 0.50774491;-1.11103812; 0.10973742
0; 0.35366604; 1.57728149; 0.90621107; 2.07164065;-0.59739665
0; 0.39441878; 1.52464697; 0.41611517;-0.58009638;-0.83631738
0;-0.19986826; 1.68192239;-0.5445443 ; 0.58843185; 1.29121738
0;0.42976087;0.81196035;1.36584565;0.226185  ;0.20924289
0; 0.25386061; 1.08706324; 0.61114333; 0.81684423;-1.2658034 
0;-0.25347937; 1.22285667; 0.00568658; 1.18071087;-0.96018392
0; 0.56055589; 1.1440105 ;-1.34403203;-1.98041409;-0.49603364
0;-0.10244066; 1.37377218;-0.66436535; 1.24418964;-2.56538931
0;-0.42853992; 0.81321812;-0.89108886; 0.86807763; 1.01806877
0;-0.4972367 ; 1.08414135; 0.93359363;-0.36518575; 1.81340817
0; 0.29049583; 1.24062884; 0.79391615;-0.57058691;-1.20507402
0; 0.04872296; 1.51967117;-1.11006555; 1.93271766; 0.80390081
0; 0.5622979 ; 1.5337687 ;-0.16707845;-1.53608581; 0.97930279
0;0.40887646;1.29706646;0.92471852;0.23789774;0.26644184
0; 0.17484077; 1.38167363; 0.32398054;-1.1745625 ; 1.11010345
0;-0.54381468; 1.09039765;-0.36671318;-1.65413543;-0.80166966
0;-0.22046506; 1.05407707; 0.02265919; 1.13769058; 0.94237793
0; 0.22907894; 1.3889231 ;-0.21301847; 0.6831947 ;-0.19749524
0; 0.29986235; 1.03004117; 0.27568962;-1.62594734;-0.18557782
0;-0.46296279; 1.48822548;-0.02472458;-0.85047295; 0.57328388
0; 0.04000345; 0.87885568; 0.8323086 ;-1.22843818; 0.92200106
0; 0.46981462; 1.12597224;-0.37744678; 0.55903725; 0.16271499
0;-0.07803336; 1.53531412;-0.40574049; 0.32571893;-0.51131925
0; 0.01011838; 1.32454288;-0.23049832; 0.54909909;-0.91177897
0; 0.46342926; 1.04324747;-0.44045705;-0.22254125; 0.80169613
0;-0.29957682; 1.65220444;-2.17195959;-0.08411909; 0.39278079
0;-0.71169591; 0.95255554;-0.14380019;-1.27986996; 3.07054885
0; 0.0988229 ; 1.68017739; 0.29512416; 0.41440074;-1.86044867
0; 0.20796751; 0.85458597;-0.82503468;-2.02888397; 1.68313085
0; 0.54884169; 1.18109931;-1.50514728; 0.0453991 ; 0.18664555
0;-0.02500079; 0.96745174; 0.65773664;-1.42095826; 1.18528978
0; 0.41773979; 0.96494335;-2.27309727; 0.8363081 ; 0.12463803
0;0.12695274;1.58529305;0.39265307;1.44635803;0.82516895
0;-0.08248292; 1.14219809; 0.59523769;-0.5829429 ;-0.69903924
0;-0.23068399; 1.36971354; 1.17405406; 0.94500315; 0.44589385
0; 0.13622356; 1.68391021; 1.78278315;-0.39128636;-0.56577276
0; 0.09597926; 1.16926336;-0.25120973; 1.47870533;-0.15365134
0;-0.4262871 ; 1.15585438; 0.51496988; 0.25992319;-1.97536809
0; 0.26206008; 1.07185371; 1.39385233; 1.0815739 ;-1.39915109
0; 0.41879641; 2.12290653; 1.10845586;-2.18561302;-0.37186461
0;-0.27028469; 1.75870354;-0.17881861; 0.50119922; 0.2282039 
0; 0.19980504; 1.82989206;-1.78141229;-1.02411342;-2.09909916
0; 0.31535788; 1.67568859; 0.73904457;-1.21988034;-1.97956269
0; 0.64228444; 1.06574927; 0.52518139;-0.42669298;-0.50302815
0;-0.64201879; 1.27338241; 0.40412913; 0.47574826; 2.79970006
0;0.21898994;1.30570614;0.86174164;0.9547743 ;0.15613512
0;-0.13447707; 1.12948001; 0.10892395;-0.86782209;-0.82030923
0; 0.41344192; 1.39382575;-0.7991678 ;-0.65407752;-1.50728029
0;-0.17470059; 1.77978214; 2.06831345;-0.98960258;-0.35984157
0; 0.0875486 ; 1.17033857;-0.56419848;-0.39107572;-0.36870534
0; 0.36102492; 1.22493732;-0.91299677;-1.39547917;-0.71540233
0;-0.37085197; 1.23082115;-0.77060969;-0.10023506;-0.7328916 
0; 0.16544911; 1.40454618; 0.66679061;-2.63415193;-0.11440041
0; 0.29921057; 1.32830651; 0.04424359; 1.8266719 ;-0.65963011
0; 0.19096725; 2.02098744; 1.39566593;-0.33530924;-0.00270243
0; 0.0044662 ; 1.1975745 ;-1.19582122; 0.99292848; 0.2187784 
0;-0.01147169; 2.33275247; 1.38341927; 1.54209999; 1.28727871
0; 0.09744124; 1.04247083; 0.62962755;-1.13683381;-0.00773922
0; 0.51693772; 0.85335919;-0.12183346; 0.38013673;-2.83442161
0; 0.01623221; 1.50536475;-0.73503037;-1.2207722 ;-2.83433319
0; 0.22241934; 1.85456151; 2.06132731;-0.97363535;-0.62278981
0; 0.37676608; 1.78638875; 1.21106057; 0.38607686;-0.00372829
0;-0.15479736; 1.25382427;-0.42861717;-0.12821463;-0.64129042
0; 0.08745425; 1.52692742;-0.31841718; 1.33203289; 0.39893052
0; 0.15408567; 1.64403288;-0.70798432; 0.72178588;-0.54129582
0; 0.10688685; 0.88416955; 0.07251943;-1.55026324; 0.78555078
0;-0.34264813; 1.01098146; 0.56053246;-0.85600514;-0.28319466
0;0.3898178 ;1.09944787;0.85424979;0.43910572;0.68590896
0; 0.40878364; 1.29579256; 1.07208407; 0.80219822;-1.48753661
0; 0.37519058; 1.47027362;-1.76488902; 0.36500562;-0.14533044
0;-0.06067291; 1.71877063; 0.01314729; 0.95297972; 1.35408937
0;-0.07932604; 1.10833541; 0.33621289;-1.24492097; 1.09073631
0;-0.71175873; 0.91604689; 0.35981758;-0.62203739; 2.06215087
0;0.17895618;1.93195876;1.19824408;1.07380313;0.17538684
0; 0.18721913; 1.2631835 ; 0.35529388;-0.82751357;-1.35309029
0;0.4766232 ;1.2481307 ;0.82981671;1.49421   ;0.6232864 
0;0.10360301;1.26873873;0.00191155;1.01596086;1.25971461
0;-0.0332522 ; 1.34165824;-1.16471048;-0.42434647; 0.32955264
0; 0.18390455; 1.24548819;-0.18505769; 0.30862333; 0.85245598
0;-0.29896965; 1.17244271; 1.98619006; 0.12391814; 0.00552114
0; 0.52723594; 1.37910919; 0.67943864;-0.86907676; 0.52452116
0;-0.09361556; 1.01969335;-0.4654964 ;-0.56070423; 1.65208794
0; 0.29642138; 1.21381193;-0.16669732;-0.43314496; 0.19482119
0;-0.15882093; 1.95786   ;-0.44633976;-0.82914965; 0.96182175
0; 0.04191549; 1.3759104 ;-1.01337594; 0.60519144; 0.39293681
0; 0.01678202; 1.0020754 ; 0.34286286; 0.93749659;-0.04612527
0; 0.31329109; 1.30405686;-0.10106417;-0.31695196;-0.41661978
0; 0.12748294; 1.56071082;-1.03206391;-0.4380684 ; 2.00779467
0;-0.43268176; 1.28010297;-0.38640436;-1.41420187; 0.20965011
0; 0.25680853; 1.41604327; 0.24900732; 0.62710638;-0.03313478
0; 0.15791005; 1.38007107; 1.78452045;-0.24350969; 2.3471766 
0;-0.2021043 ; 1.61509241;-0.3931034 ;-0.74004273; 1.46783089
0; 0.35202876; 1.43507586; 0.22892692;-0.46325437;-0.91771908
0; 0.12354044; 1.47661671;-3.01741017; 0.09405284; 0.49094249
0; 0.53489926; 1.24988353;-0.26698243;-0.16036686;-0.84939708
0;-0.59374482; 1.42799035; 1.58423992; 2.27586318; 0.10108062
0;-0.11909292; 2.10717026;-0.41361561; 1.00474287;-0.46607488
0;-0.20596668; 1.54195729; 0.29680634; 0.71836195;-0.21355534
0;-0.18301468; 1.16157229; 0.28568319;-0.33013238;-1.16211376
0; 0.46739342; 0.67576646;-0.59103524; 1.59492401;-0.00159614
0; 0.49927413; 1.44961855; 0.4977194 ;-0.52718657;-0.09305183
0; 0.03134745; 0.96358708;-0.33607973;-0.85827782; 0.18179965
0; 0.50332275; 1.61993318;-0.52784632;-0.81103653; 0.05302615
0; 0.15888746; 2.00946542; 1.4108443 ; 0.05226687;-1.99533917
0;0.2094934 ;1.03912818;0.86557381;0.68372764;0.12738549
0;-0.09408149; 1.64517641; 1.13146995; 1.27981527; 1.45043435
0; 0.11718761; 1.40285429; 0.54970458; 0.74416599;-0.11073049
0;-0.21998512; 1.70086933;-1.59783948; 1.36370775;-0.36825033
0; 0.53408681; 1.54771562;-0.20235295; 0.63312751;-0.7701912 
0;-0.55425745; 1.60515094;-0.47534239;-0.75950752;-0.68908313
0; 0.13089482; 1.21313997;-1.03572819;-0.95828898;-1.31287475
0; 0.3436659 ; 1.37609057; 0.4692424 ;-0.32505342;-0.57825003
0;-0.49962807; 1.4573116 ;-1.15461622;-0.08241089;-0.44945148
0;-0.03393408; 0.81955933;-0.07722025; 0.10679436;-1.25348714
0;-0.06378143; 1.56323672;-0.0347362 ;-0.4528859 ; 0.89625775
0; 0.22155103; 1.78862548; 0.34310336;-0.65459786;-0.76229403
0; 0.22157235; 1.25178187;-0.70788048; 2.09576264; 1.61459219
0;-0.08060548; 1.61685985;-0.49746861; 0.03951356; 0.85070435
0;-0.41016963; 1.49344995; 0.82994724;-0.66263471;-0.27518203
0;-0.15918614; 1.35070983; 0.81736292; 1.37005919; 0.09425034
0; 0.43206896; 0.8292297 ; 0.12466296;-0.16598889; 0.75287551
0; 0.33572438; 0.65705958; 0.02620889;-0.22101878; 2.57852043
0; 0.3165909 ; 1.31800103;-1.4279647 ;-0.46228776;-0.386313  
0;-0.4644787 ; 1.78351859; 2.03472507;-0.1525618 ; 1.18408497
0;-0.24834634; 1.64286917;-0.14033059; 1.6270763 ; 1.69738421
0;-0.07748019; 0.96561569; 0.33721366; 0.05963629; 0.20390853
0;-0.27918257; 1.36607658;-1.81593454;-0.54868964; 0.8563929 
0; 0.13092249; 2.07063241;-1.37803975;-0.34158139; 0.27760944
0;-0.29425187; 1.37331127;-0.72628779; 0.85310915; 1.95909653
0;-0.07666603; 1.44075075;-0.29568903;-1.53851094; 0.92585718
0; 0.21724897; 1.87184719;-0.24158056;-1.26582429;-0.05599117
0; 0.1416738 ; 1.02078583;-1.55113009;-0.31895415;-0.5173667 
0;0.18911728;1.08955322;0.12289756;0.08306136;1.91469171
0; 0.39409477; 1.16277786; 1.57301913;-2.13352424;-0.80727271
0;-0.25113653; 1.36863226;-0.84384356; 0.21481228; 0.63267732
0;-0.24301064; 1.52338465; 1.17710752;-1.33618129; 1.32345697
0; 0.42816274; 1.13300537; 0.08477702;-0.99925255; 0.72408538
0; 0.17802332; 1.26121652; 1.59262859;-1.40755859; 0.74231934
0;-0.26656885; 0.71154489;-0.30397627; 1.08846047;-0.63109971
0; 0.13398987; 0.43924609;-1.35975886;-0.38885325; 0.00581137
0; 0.08156387; 1.05633291;-0.04241795;-0.99216471; 0.74355526
0; 0.15741501; 0.88937528;-0.52857735;-0.22542805; 1.26460734
0;0.91794132;1.47405888;1.00453773;0.53911976;0.10034042
0;0.53899324;1.50443132;0.64382071;0.25011967;0.04226727
0;0.03970705;1.09258562;0.12151426;0.60569626;0.91152652
0;0.06321719;1.5138925 ;0.98588748;0.02578356;0.98055834
0; 0.17541352; 1.49140003; 0.02417497;-0.22664409; 1.11279624
0;-0.41343448; 1.05263117; 0.2657761 ; 1.08599705;-0.69733031
0;0.22332984;1.48930415;1.34285293;0.04669587;0.33422372
0; 0.36482534; 1.01810201;-0.46720487;-0.8182501 ;-0.50130042
0;-0.21632212; 1.31903075;-1.98861608;-0.48419023; 1.41003212
0;-0.02184234; 1.31236336; 0.53870825; 0.28192309;-0.94996412
0; 0.47095887; 1.37121597; 0.13778058; 0.95093551;-0.04706653
0; 0.2366968 ; 1.4513264 ;-0.96396037;-0.92395228;-0.40137869
0; 0.04444262; 1.18737208;-0.73874797;-0.31743131; 0.88583386
0;-0.09968868; 1.43987466;-2.12879215;-0.80661528; 0.58396931
0;-0.05221782; 1.25354858;-0.48170104;-0.82138168;-1.17795335
0;-0.80992995; 1.44157835; 0.79297426;-0.38855449;-1.67751279
0;0.73292154;1.19984156;1.60378234;0.09651098;0.38259521
0;-0.02871319; 1.26564393;-0.27611883;-1.68744393;-0.25868969
0; 0.39239786; 1.13993974; 0.5437097 ;-0.99839286;-1.5654459 
0; 0.10474678; 1.745792  ;-0.04309383; 1.64182443;-0.10306653
0;-0.3947026 ; 1.14525271;-0.39181236; 0.41210168; 1.5340935 
0; 0.14975957; 1.56110562; 0.93118752;-0.22653738; 0.2340332 
0; 0.3142068 ; 1.41132089; 1.25368398;-0.68974527;-1.79840088
0; 0.08847608; 0.97365756;-0.68046699; 0.00162899; 1.01537046
0; 0.20282772; 0.96287849;-0.23882549;-2.42678434;-0.78567176
0;-0.08970342; 1.36425074;-0.88500499;-1.48980641; 0.29302379
0;-0.57480392; 1.29133229; 0.25948314; 1.2497415 ; 0.06567674
0; 0.06752888; 1.12369249; 0.38157833; 1.69504959;-1.44385709
0; 0.07005526; 1.98919323;-0.14158852; 0.07603889;-0.01396368
0;0.12575147;1.12925662;2.05690368;0.94595711;0.61921192
0; 0.10316369; 1.1238165 ; 0.14908994;-1.78842387; 0.57215797
0; 0.43955622; 1.89537524;-0.00990397;-1.06126057;-0.15563333
0; 0.05489454; 1.2832937 ;-2.05103651; 1.84321602;-0.16895659
0;-0.34690175; 1.32113177; 0.1230806 ;-1.05049122;-1.01158592
0; 0.17464026; 1.31304624;-1.57986639;-0.83326993;-1.31200155
0; 0.19982987; 1.15407225;-2.40515296; 0.56758359; 0.27494237
0;-0.56333961; 1.35620014; 1.20691555;-0.33200784;-1.97669533
0; 0.32583473; 1.52808832;-0.87146693; 1.42246191; 0.49495186
0;-0.03903896; 1.3523054 ;-0.18874837;-0.59088722;-1.1233016 
0; 0.10470834; 1.02081517; 2.23231997; 1.50605071;-0.06636668
0; 0.30841504; 1.01853617;-1.12024493; 0.68404473;-0.89926715
0; 0.23258636; 0.78223253;-0.77608855; 1.29664425; 2.35145442
0; 0.07721628; 1.01901071;-0.45157363;-0.55841664;-0.82532997
0; 0.31840835; 1.54417906;-1.73043532; 2.03422245;-1.55613675
0; 0.40318024; 1.05835967;-1.69388959;-0.41794153;-0.01811428
0;-0.05377245; 1.25866391; 0.71695449; 0.38274571;-0.70892538
0;-0.00501281; 1.27384771;-0.34084871; 0.45428227; 0.47696946
0; 0.13283118; 1.28581502; 1.60420734;-0.31679306;-0.13240116
0; 0.11455264; 1.19807593;-0.74734066; 0.34347854; 0.27711534
0; 0.06072009; 1.36527198; 0.89500084;-0.350866  ;-0.23659044
0; 0.15804367; 0.98954963; 0.75312992;-1.80707135; 0.13315352
0; 0.35975692; 1.05974109;-1.1734045 ;-1.86377757;-1.1103092 
0; 0.05658344; 1.59297942;-1.50086325; 0.89608335; 0.45817053
0;-0.18320722; 1.49380822;-0.06018924; 0.74611336;-0.3354343 
0;-0.00432888; 1.43922205;-1.01852925;-1.63906877; 1.07199035
0; 0.2647194 ; 0.87485696;-0.4244796 ;-0.73273912; 0.29712859
0;0.19201336;1.28379324;0.32094716;1.13675601;0.22332273
0;-0.18578319; 1.4667089 ; 0.27835855;-1.40484699;-0.19714482
0;-0.4002997 ; 1.01060818;-0.54928292;-0.00592283;-0.93900439
0;-0.27464775; 1.61187457; 2.46183361;-0.32998176; 0.00915195
0;-0.08597006; 1.98550301; 0.19711541;-1.86147913; 0.3043181 
0; 0.11802244; 1.31278107; 0.03415723; 1.12588439;-0.51029469
0; 0.24157917; 1.62419666; 0.22405597;-0.45938724;-0.18903921
0;-0.14454601; 1.22872376;-1.96820389;-0.24890282;-0.06828879
0; 0.28205151; 1.87937954; 0.45648384;-0.51463478; 1.32354991
0; 0.229041  ; 1.27884014;-0.54987925; 0.0061389 ; 0.59828409
0; 0.31538319; 1.24635682; 1.93178598; 0.98978094;-0.5066187 
0; 0.08822738; 1.72683425; 0.6452691 ;-0.43007721;-0.97831285
0; 0.17301509; 1.27545358; 0.23837751;-0.8647509 ; 1.80995963
0; 0.42871283; 0.57644392;-0.61583212; 0.26801978;-0.36858318
0;-0.13400517; 1.33865776;-0.38763919; 0.29767917;-0.29915377
0; 0.51915397; 0.93906764; 0.63588345; 0.7798791 ;-0.34132038
0;-0.01479717; 1.78509736;-0.19263019; 1.47368945; 0.66315773
0; 0.216761  ; 1.24846925; 1.99802092;-0.51852862; 0.61189214
0; 0.45931872; 1.41111108; 0.13937776; 1.01393557;-0.65967613
0;-0.4526455 ; 1.46421868;-2.18304951; 0.62709277; 0.53658137
0; 0.1292797 ; 1.17623448;-0.69947317; 0.82571155;-0.45517534
0; 0.12146132; 1.30362604; 0.25892954;-0.59908457;-1.89216763
0; 0.27005129; 1.09469479; 0.02487033;-0.35264219; 0.96560875
0; 0.14705942; 1.38781772; 0.08205126;-0.35186639; 0.13396859
0; 0.58988029; 1.40308254; 1.30351637;-0.32783783; 0.23024144
0;-0.54417697; 1.6589239 ;-0.74277223;-0.00309082; 2.22880555
0; 0.3562849 ; 1.16212432;-0.07441434; 0.30638203;-1.11187214
0;-0.13502864; 1.09478981;-1.27238288;-0.61248874; 0.15846535
0; 0.05444558; 1.78277679;-0.35486245; 0.61031289; 0.40663926
0; 0.08204837; 1.05613422;-0.83993279; 1.27492535;-0.88853264
0;-0.04173605; 1.47846189;-0.75624457;-0.51893141;-1.20242873
0;-0.02808419; 1.4149599 ;-0.89790649;-2.1412102 ;-0.77199786
0;-0.03611549; 1.59997328; 0.1335726 ;-1.24198163;-1.21848225
0; 0.47851717; 1.31800049; 1.11806029;-0.68484067; 0.63763339
0;-0.04811089; 0.53508635;-1.36625683; 2.05704976; 0.22167293
0;0.28830238;1.55676592;0.63589842;0.8347927 ;0.62892244
0; 0.3955754 ; 1.84520729; 1.98211001; 1.99097729;-0.84872095
0;-0.07133013; 0.44019007;-0.76499634; 0.12681703; 0.52883546
0;-0.25119704; 1.28014155; 0.20923324;-1.16921823;-0.02681913
0;-0.28527176; 1.40096381;-0.44266167; 2.20632153;-1.95735549
0; 0.52323901; 1.24031994; 1.22553679;-0.11540458;-0.24422448
0;-0.04745053; 1.52202398;-0.32010019; 2.0060445 ;-0.86171918
0;-0.24230302; 1.39757701;-0.19961991; 0.65390043; 0.26634677
0; 0.18246343; 1.3253367 ;-0.94435296; 1.05500325;-1.15629927
0; 0.0209309 ; 1.21158532; 0.48464861;-1.15671546; 0.9874142 
0;-0.24816651; 1.677834  ; 1.69692298;-1.17751419;-1.13011345
0;-0.00731501; 1.40638913; 0.16118403; 1.67535505; 0.86001997
0;-0.29782919; 1.66313447;-0.38152945;-0.18753032; 1.25841944
0; 0.12675933; 1.86337158; 1.52392931;-0.63376777; 0.42119386
0; 0.24419977; 0.72957498; 0.14719657; 0.46922925;-0.77952134
0; 0.01407485; 0.69559659;-0.74979453;-1.57013709;-0.14483913
0;0.0111462 ;1.06448085;0.59605952;0.22940212;0.74298739
0;-0.08881251; 0.92237744; 0.20616482; 0.75994387;-1.01245505
0; 0.47107583; 1.284366  ; 1.42386826; 0.65664651;-0.68167704
0; 0.2579569 ; 1.86950809;-0.36181387; 0.0905825 ;-0.56530492
0;-0.28609817; 0.62241502;-0.00089648;-0.56256564;-0.42717663
0;-0.1182167 ; 0.88605976;-0.98080073; 1.7322047 ; 0.4118687 
0;-0.18791608; 0.73517718; 1.26961928; 0.63591465; 0.51218743
0; 0.08320866; 0.98602799; 1.74180537; 1.0620052 ;-0.33753182
0;-0.20796742; 0.99316516;-0.08402395; 1.00023492; 1.38159513
0;-0.12788874; 1.51711354;-1.33209372; 0.20406698; 0.07063852
0; 0.18388304; 1.16415176; 1.48551017;-0.16023694;-0.22484383
0; 0.11435576; 2.00578506;-1.17482134; 0.59322998;-0.55347851
0;0.20390428;1.3527478 ;1.70237067;0.02033211;0.24201942
0; 0.22557926; 0.8221612 ;-0.04948403;-2.7994395 ; 0.24845145
0; 0.32749376; 1.43359632; 1.9679699 ;-0.13534295;-0.81308336
0;-0.14661496; 0.80328741; 0.70776462;-2.0821739 ;-0.39898311
0;-0.30463417; 1.34767268;-0.6589146 ; 1.41395838;-0.49901597
0; 0.05208508; 1.80596551;-0.07623216; 1.9198269 ; 0.66401749
0;-0.13482598; 1.44631362; 0.14494828;-1.22736896; 0.18572275
0; 0.25954641; 0.85477841;-2.52708709;-0.33269857; 0.87842866
0; 0.15702613; 1.41856731; 0.33999846;-1.92842734;-0.25075641
0;-0.19595155; 1.60394487;-0.7213778 ;-0.4435667 ; 1.48839791
0;0.04478455;0.97198851;0.4126111 ;0.1315063 ;1.85918594
0;-0.22511875; 1.77510373;-1.11203289; 0.37602625; 0.51916186
0;-0.3513887 ; 1.12331608;-0.44326965; 1.17088446; 2.18044104
0; 0.34020944; 0.95792389;-0.67481076; 1.38884421;-0.68716773
0;-0.21493512; 0.95631151;-0.03755126;-0.04181042; 0.68632604
0;0.02668589;1.24394215;1.52096138;0.86966521;2.07341054
0;0.00744995;1.63004902;0.45479115;0.80290003;0.91221594
0;0.3710128 ;1.51770716;0.14995357;0.23692101;0.75708457
0; 0.13238493; 0.96908554;-0.90719409;-0.29688603;-0.60932825
0;-0.00233604; 1.54344541;-0.62460593;-1.01777797; 0.56927074
0;-0.53633355; 1.57838296;-1.44832755; 1.10110431; 0.20616863
0;-0.32581879; 1.09591488;-1.05237802; 0.12387071;-0.26396187
0; 0.12012017; 1.63135365;-0.63871335;-0.58047981;-0.13399807
0;-0.01897024; 1.31228448;-0.39723731;-1.30177293; 1.04937499
0; 0.07455007; 1.87849617; 0.56599147; 2.16371779;-1.5169013 
0;0.11913371;0.78330196;2.09901657;0.30205213;0.98990071
0;-0.34890177; 0.92566054; 0.37134435; 0.19007502;-0.58318199
0;-0.11500811; 0.85147634;-1.05740274;-0.10433369;-1.72504218
0; 0.0106411 ; 1.15170523;-1.39568451;-1.06183798;-0.57168986
0; 0.18369632; 0.96829449;-1.12178271; 1.06312684;-2.09393489
0; 0.03863737; 1.34680806; 1.56309068;-0.85824861;-0.51835909
0; 0.10722682; 0.91198827;-0.11173861; 0.91905804;-1.28903278
0; 0.1910273 ; 1.21790676;-1.52221344; 0.7119891 ;-0.45468128
0;0.54423682;1.53094873;0.73831309;1.42255917;0.64221176
0;-0.01301725; 1.08150717; 0.68885095; 0.33386458;-0.3312157 
0;0.35991603;1.25155172;0.61166703;1.6194891 ;0.88242715
0;-0.02937551; 1.82927362; 1.75381783; 0.83982019;-0.93160073
0; 0.52704838; 1.65469912;-0.10537288;-0.06254794; 0.0913684 
0;-0.34285429; 1.23106175; 0.1218774 ;-0.03184891; 0.65033249
0;-0.25470023; 1.72063461;-0.89010549; 0.72768453;-0.87446142
0; 0.09445588; 1.03240058; 0.0978804 ; 1.05227642;-1.0222206 
0;-0.22352223; 1.2144828 ; 0.87456143; 1.0243104 ; 0.48864802
0;-0.03898091; 0.97915306; 1.21910108;-1.14292423; 1.10808943
0;-0.319514  ; 1.95307063;-0.68683558;-0.65482604;-0.20467468
0;-0.51939905; 1.26202535; 3.07299828; 0.19925929; 0.31037972
0; 0.12129189; 1.236295  ;-0.51015327;-1.30886557;-1.96036645
0;-0.13885529; 1.25682702;-1.63477221; 0.51823201;-0.41166168
0;-0.12456245; 1.11803524;-1.49515297; 0.03363643;-1.45891858
0; 0.31868582; 1.55749339; 0.3228012 ; 1.59583255;-0.07036925
0;-0.24467157; 1.58205719; 0.45340771; 0.07492326;-0.51213723
0;-0.03467639; 1.29569181; 0.29303936;-1.02761989;-0.65385173
0; 0.18623976; 1.35610578; 1.48488776;-0.1409493 ;-0.95316726
0; 0.06190068; 1.0920692 ; 1.49619002;-1.11653576; 0.27609405
0; 0.62664501; 1.07846303; 0.60396509; 0.1930569 ;-1.5343684 
0; 0.10382036; 1.103729  ;-2.06661331; 1.28072772; 0.41862604
0;-0.02243164; 1.4920776 ;-1.54712216;-0.10290428; 0.81287381
0; 0.06796605; 1.17271869; 1.99118084; 1.49533426;-0.42299528
0;-0.22925682; 0.83931094; 0.72487689; 0.21344954; 0.00729746
0;-0.05585391; 1.15414586;-0.34218778;-0.6253998 ; 2.23754089
0;0.12152077;1.71505616;1.06715385;0.28407294;2.44517932
0;-0.04132813; 1.31959076; 0.72494325; 0.50331843;-1.77801949
0;-0.17718281; 1.36082798;-2.17501117; 1.08777579; 0.82158001
0;-0.33219615; 1.54619215; 0.86633463; 0.44491801; 0.66737866
0;-0.3369922 ; 1.59796625;-1.63117012; 1.56279176;-0.53876115
0; 0.36125289; 1.55059552; 0.52346895;-1.3068065 ;-0.95942091
0;-0.03084563; 1.18992815;-0.84216321;-1.04678772;-0.42394   
0;-0.28781416; 1.34184504;-1.23571927;-0.32273402;-0.1618131 
0; 0.36373114; 1.25344428;-0.20024245; 0.15515193;-0.39186433
0; 0.07623659; 1.2395279 ; 0.53918885; 0.71955708;-0.23680858
0;0.02692661;1.85891327;0.74522984;1.46297701;3.12361148
0; 0.04165942; 1.09166233; 0.29094124;-1.94819018;-0.21275713
0; 0.12747429; 1.69942711; 0.78603255; 1.99713395;-1.80008066
0; 0.30870663; 1.3235851 ; 1.30096443; 1.07858659;-0.71213247
0;-0.07643309; 0.91376222;-0.06412383; 1.46604664; 1.42609222
0;-0.12807201; 1.18013951; 0.41364743;-0.32134836; 0.80570586
0; 0.20216694; 1.04221222;-0.15168732;-0.91832272; 0.93285711
0; 0.08312639; 1.4656165 ;-2.59093725; 2.07893076; 3.07777015
0;-0.09401551; 1.28779551; 0.11431734; 0.10691808;-1.32395548
0; 0.06267575; 1.09234692;-0.70545373;-2.92420888;-0.07248325
0; 0.05894941; 0.90894503; 1.85856705;-1.65485469;-0.12637811
0; 0.64893463; 1.57463691; 0.38953951;-0.12215466;-1.23809854
0;-0.07390285; 1.14884136; 0.14286901; 0.95414795;-0.9217421 
0; 0.22144443; 1.49457697;-2.57376797;-1.60550492;-0.43563868
0; 0.233126  ; 1.64237969; 1.02354391;-0.34648956; 0.13737046
0;-0.28025347; 1.02837594;-0.01548031;-0.35997792; 0.13257309
0; 0.02910845; 1.21919951; 0.84989429; 0.29188597;-0.36743469
0;-0.02215894; 1.69813106;-0.90500096;-1.25009227;-0.46641796
0; 0.00764344; 1.37477676;-0.50968762; 0.59524653;-1.34061864
0;-0.04073795; 1.01310778;-0.87293634;-0.33386054; 0.8069073 
0;-0.1135193 ; 1.55891297; 0.04456609; 0.17909197;-0.76358055
0; 0.17936783; 1.1991139 ; 0.11333379; 0.39353663;-0.78300649
0; 0.38704155; 1.19569256;-1.20695888; 1.56572015;-1.28620986
0; 0.13882113; 1.41925424;-0.44565399;-0.26771891;-0.79166718
0; 0.41216307; 1.79291671;-0.56256777;-1.16776295;-1.18397248
0;-0.04541466; 1.63318759;-0.72356433; 0.1895008 ; 0.9233533 
0;-0.16781302; 1.40877509;-1.73839565; 1.43942319;-0.61022589
0; 0.13989832; 1.2660367 ;-0.90359377;-0.85645546; 0.96003726
0;-0.4679915 ; 1.68047437; 0.85637091; 1.39168552;-0.67284951
0; 0.17313469; 1.2320644 ;-0.0830628 ; 0.72927894; 1.01556892
0; 0.10047649; 1.19867565; 0.44021933; 0.27270015;-1.49572065
0; 0.4053637 ; 1.31942574; 0.15506153;-0.90909083; 0.62952109
0; 0.01885507; 1.7552115 ; 0.79029989; 0.4250629 ;-0.4668321 
0; 0.26748279; 0.86912228;-0.66306011;-0.81289877;-1.50787632
0; 1.03072793; 1.72215425; 0.28684372; 0.07607732;-0.97755165
0;-0.38765703; 1.2578493 ;-0.17482714;-0.01987707; 1.45329039
0;-0.00235241; 1.43645681; 0.26719709;-0.73083799; 0.33823264
0;-0.34617493; 1.30017298; 1.56856527; 0.92671487;-0.77788621
0; 0.36519176; 1.59713927; 0.22535357;-0.31723856;-1.14194649
0;-0.20768562; 1.00871283;-2.03067335; 0.43485546; 0.07375423
0;-7.30038688e-04; 7.80592242e-01; 1.71930644e+00;-2.90737209e-01;-1.47573163e-01
0;-0.22249254; 1.58188253;-1.43416433;-1.35345219;-0.32047678
0; 0.44979856; 1.19494492;-1.30806101; 0.03534934; 0.83926238
0; 0.00361936; 1.59814331;-1.06603173; 0.21843428;-0.7378964 
0; 0.23732325; 1.1180077 ; 1.07657559;-0.64100559; 0.36309335
0; 0.05361928; 1.23673632; 0.82550517;-1.0739457 ;-0.53559031
0; 0.0320335 ; 0.92879223; 0.17096984; 1.12210231;-1.9215222 
0; 0.07771257; 1.31315479; 0.33325848; 0.22248748;-0.19851057
0;-0.16194696; 1.57459757; 0.68970228;-0.75867206; 1.00755502
0; 0.1569838 ; 1.09699475;-0.71111514; 0.6798091 ;-1.15560396
0;-0.05014746; 1.20567093;-0.59231089;-0.633638  ; 1.06617845
0;-0.28138718; 0.83266545;-2.36552394; 0.1445082 ; 0.72222222
0; 0.2524279 ; 1.00950365;-0.44292442; 1.0986784 ;-0.39715938
0;-0.15928124; 2.0152065 ;-0.32178966; 0.83518774;-0.44544698
0; 0.42572979; 1.57828838; 0.97622689; 1.88796245;-0.81558522
0;-0.13528186; 1.63786885;-0.92135207; 0.27346495;-1.14836578
0;-0.29547692; 1.40813236; 0.67430972;-1.18126291; 1.57086028
0;-0.08710691; 0.77510118;-0.24565095;-0.28310068; 0.3757374 
0; 0.17753714; 1.31098549;-1.08856967; 0.13803592;-0.91008051
0;-0.40361709; 1.37233187; 0.3914638 ; 1.80721583;-1.14782542
0; 0.14761535; 1.72277473;-0.05884244;-0.41640903;-0.51298496
0; 0.37227733; 0.83093416;-0.41951774;-0.15327717; 0.43059005
0; 0.22931489; 1.52492149;-0.09242794;-1.91739405;-0.04637376
0; 0.38234094; 0.908726  ; 0.0292468 ; 2.44432081;-1.1856147 
0;-0.10617753; 1.13238117; 0.65006241; 0.1281734 ;-0.19885456
0; 0.44915064; 0.82042413; 0.6018674 ; 0.96456524;-0.00920553
0; 0.58219517; 1.55881608;-0.58173903;-0.00731223; 0.08320843
0; 0.16587264; 1.81240262;-2.02168591; 0.21344971;-0.2621382 
0;0.13831397;0.85303438;1.99653259;0.38382751;0.19702289
0; 0.17014672; 1.43360939;-0.21174156;-1.68784595;-0.09627516
0;0.48486687;1.48802296;2.67381523;0.74890324;0.88265781
0; 0.23445061; 1.8439407 ; 0.32316273;-0.94725574; 0.36609246
0;-0.04441486; 1.27614364;-0.00557198; 1.17268043;-0.85031719
0;0.48764769;0.82320528;1.14921822;0.816368  ;0.28580573
0;-0.3677485 ; 0.61695294; 0.15341929;-0.40408572;-0.86264698
0;-0.04082983; 1.02277819; 0.16907627;-0.34556763;-0.856327  
0;-0.07893835; 1.40445165; 1.63005581;-0.49962145; 0.88910222
0; 0.47773857; 1.49618492;-0.07335953; 1.01656591; 0.78066961
0;-0.25126172; 1.04374167;-0.19665341;-0.20448743;-1.0138492 
0;-0.05753211; 1.81856816;-0.76784741;-0.49518698; 1.1756059 
0; 0.03669666; 1.7444586 ;-0.55744588;-0.54768659; 1.60337829
0;-0.13738999; 1.68604151;-0.69327816;-0.92975192; 1.38966171
0;-0.01134813; 1.3120936 ; 0.77560675; 1.02112258;-0.24195388
0; 5.25516422e-01; 1.69716056e+00;-9.64824093e-01; 1.31755239e-03; 7.51376719e-01
0; 0.41186104; 1.30976056; 0.38697237;-2.17080892; 1.11565987
0;0.26261743;1.32292479;0.91709654;0.36356557;0.66164391
0;-0.76155587; 1.56369075;-2.65104286;-1.74934376;-0.2016173 
0;-0.24989549; 1.10515622;-1.3453336 ;-0.99784255; 0.64362163
0; 0.1675975 ; 1.83063284;-0.21305622; 1.32510259;-2.01637125
0; 0.02747366; 1.12533485;-2.07106725; 0.73853126;-0.57061165
0; 0.26629496; 1.09866603;-0.95726375;-0.41945765; 1.82635897
0;-0.13054507; 0.83822175;-1.59334296;-0.32166691; 0.19900049
0; 0.11247155; 1.19371767;-2.05240846;-0.27698348; 0.12512294
0; 0.07478627; 1.00277357;-0.56716653; 0.7053456 ;-0.78913224
0;-0.26936057; 1.11827164;-0.27279454;-2.68646904; 1.84000613
0; 0.12652775; 1.51086068;-0.43008575; 0.83584115;-1.02593022
0;-0.43942019; 0.62049345; 1.692953  ; 2.20047279; 0.95655163
0; 0.02612971; 1.16388286;-0.58609444;-1.42632567; 0.47347272
0; 0.40011153; 1.32835434; 0.69164567; 0.39784886;-0.50565805
0;-0.00266758; 1.56999921;-2.41657681;-0.5291942 ; 0.38963844
0; 0.00587059; 1.21743797; 0.43940896;-0.31376301; 0.6130597 
0;-0.3279794 ; 1.47920944; 0.21721831; 0.91729392;-0.49829256
0;-0.39920061; 1.93873486; 0.06292965;-1.3705943 ; 0.83819399
0;-0.05236831; 1.11785108; 0.03332667;-0.29856297; 1.65836569
0; 0.13309589; 1.01349467;-0.33962139;-0.3957394 ;-0.30879901
0;-0.25255905; 1.0102089 ;-0.47195121;-1.25200226; 0.04579981
0;-0.3418686 ; 1.12880642; 0.36914802;-0.27706618; 0.60889668
0; 0.36441471; 1.68616136;-0.72707152;-0.63471128;-0.72736412
0;-0.06124196; 1.66032604;-1.64849571; 0.07728262;-0.44816851
0; 0.14711257; 1.47562589; 2.26810663; 1.05211216;-0.91856655
0;0.43228151;1.76897695;1.21304864;0.71688985;0.37659663
0; 0.27325122; 0.91754663;-0.01552986;-0.32851378; 1.97359916
0;-0.02038279; 2.05731684;-1.13188743; 0.79019593;-1.18786208
0;-0.17169443; 1.54007536;-0.19759064;-1.32105179; 0.65027511
0;-0.15938608; 1.27985264;-0.37592101; 0.00997745;-0.02981292
0; 0.12238   ; 0.60723185; 0.61483922;-1.70268459;-0.3284433 
0;0.30495435;1.65188199;1.24855835;1.0496702 ;0.4744285 
0; 0.21633111; 1.70176779;-0.79924892; 0.96640608; 0.54744505
0;-0.06649009; 1.20983426; 0.09328153; 0.97522905;-0.44207344
0; 0.2653581 ; 1.44533495;-0.33850155;-0.42721842; 1.44336511
0;-0.1780266 ; 1.13520199;-0.03780977;-0.34913177;-0.92702577
0;-0.60403358; 1.28234064; 0.0259561 ;-0.96528891;-0.44900186
0; 0.69811308; 1.14532953; 1.91504632;-0.63465781;-0.92878132
0; 0.39026585; 1.12231715;-1.31686953; 0.24022389;-0.01238616
1;-1.35927712;-0.89077986; 1.01119102; 0.62135227;-0.72620037
1;-0.98841002;-0.68385946;-0.94830483;-3.12791953;-0.98408739
1;-0.91540539;-0.52207322; 0.25097456;-0.19915688;-2.51449676
1;-1.18889201;-0.43484754;-0.92820553; 0.61199518; 0.54838777
1;-1.52492964;-0.83932257; 1.09654502;-1.02239274; 0.61613722
1;-1.26192794;-0.63130125; 0.20278285; 0.35661844;-0.44982718
1;-0.62212625;-0.94168243;-0.72672835;-0.24690204; 2.60252781
1;-1.18547525;-0.45966361; 0.94471596; 0.73461086; 0.63798892
1;-1.35213159;-0.92266298;-0.1497426 ;-0.58988944;-1.00621196
1;-0.42645661;-0.84283475; 0.84281804;-0.03819212;-1.5517264 
1;-1.04953077;-0.14480453; 0.177651  ; 0.51339696; 1.65294136
1;-1.16110113;-0.66052771;-0.09868007;-1.67155931;-0.64541026
1;-0.93753288;-0.76166887;-1.55030603; 1.51187397; 0.36474103
1;-1.09776734;-0.60880028;-1.20748363;-0.61505203; 0.71172014
1;-1.45956348;-0.63035849; 0.55288241;-0.2178439 ; 1.50650206
1;-1.11986352;-0.86240726;-0.08302706;-0.15584538; 0.95773011
1;-1.67895562;-1.09793213;-2.35538931; 1.02348841;-0.50047421
1;-1.18420554;-0.82556353;-0.00519852; 1.29931055; 0.14926466
1;-1.4852822 ;-0.6097064 ; 0.80631258; 0.93985556; 0.13465018
1;-1.09337455;-1.02182233; 0.2949504 ; 0.76491569; 0.0108075 
1;-1.32882988;-0.43971818;-1.68943893; 0.61640703;-1.41223481
1;-1.52792466;-0.65532011; 0.0842513 ; 1.79732999;-0.14376044
1;-0.98573537;-0.60602333;-0.1824365 ; 0.46742656; 1.64697871
1;-1.79528635;-1.24172715;-0.1035046 ;-0.47840526;-0.71881667
1;-0.40297223;-0.60024115;-0.03362678; 0.12467467; 0.75098434
1;-0.86237926;-0.61154509;-0.53068492; 1.5468122 ;-1.53497877
1;-1.07969767;-0.71482986;-1.59556907;-0.4471758 ; 0.07271165
1;-0.93214436;-0.90085146; 0.92113846; 0.44521037; 0.08651105
1;-0.88085073;-0.33907584; 1.59116212;-0.3713767 ;-0.230903  
1;-1.4653341 ;-0.42448672; 0.36290154;-1.41112003;-0.15458773
1;-1.1429772 ;-0.56661716; 1.92728708; 0.98707748;-0.95643637
1;-0.89693223;-0.37221656;-0.39455062; 0.07468339;-0.73641443
1;-1.41944603;-0.52758527; 1.27407307;-0.55211447;-1.57836642
1;-1.71905021;-1.0799696 ;-0.82273562;-0.58794882; 0.38439191
1;-1.72689654;-0.66625174;-0.31840922;-1.19635942;-0.50716249
1;-1.72777313;-0.78450518; 1.7273874 ; 0.20671206; 0.90803356
1;-0.836443  ;-1.3921139 ; 0.86039501;-1.66032324;-0.11825204
1;-0.92290228;-0.93887556;-0.81395315;-2.11919222;-1.60327409
1;-1.55394808;-0.54505363;-0.03986426; 0.31199681; 1.43755834
1;-1.30426896;-0.67158044;-0.33025421; 0.63028439;-0.18499809
1;-0.64473817;-0.28614519;-0.63080719;-0.33446739;-0.41316662
1;-1.41586554;-0.54419113; 0.19676469;-0.57500365; 0.88480634
1;-0.91939441;-0.74035428; 0.95067689; 0.53832283; 0.90232116
1;-1.28779007; 0.01257426;-0.64214315; 1.3868899 ; 0.94090798
1;-0.86225517;-0.97623383;-0.23387682;-0.14262597;-0.39459176
1;-0.99175032;-0.74190035;-0.82200556;-0.01463797;-0.30468341
1;-1.26799525;-0.26043044;-1.38421598; 0.35798884;-0.54084504
1;-1.63342653;-0.98740932; 1.7954312 ; 0.2684841 ; 1.11324955
1;-1.56574154;-1.04479633; 0.78423689;-0.06651789;-0.68736802
1;-0.86456754;-0.30305462; 1.84669651; 1.26200976; 1.02289928
1;-1.22331376;-0.67195638; 0.39896965;-0.81592046; 0.38736317
1;-1.11044927;-0.63893877;-1.28415028; 0.119891  ;-1.2213533 
1;-0.83127286;-1.03456066;-0.46393981;-0.54788663;-0.72517205
1;-1.45522877;-0.58100324;-0.1449759 ;-0.84134613;-0.78837254
1;-0.96158118;-0.06036892;-0.16762139; 0.74197386; 0.09214047
1;-0.74576697;-0.40788099;-0.08443858; 0.90745539; 0.38024815
1;-1.43898244;-0.86414175; 0.44762836; 0.22676735;-0.71339863
1;-1.26497237;-0.27229403; 1.92948961;-0.97846177;-0.25125376
1;-1.22775844;-0.74015122;-0.07905959; 0.55550602; 0.23748707
1;-1.7335355 ;-0.96592754; 0.85702662;-0.3410329 ;-0.34905726
1;-1.20651187;-0.59027512;-1.20650969; 0.91866462; 1.56422521
1;-1.02944728;-0.56350483; 1.52383968; 0.20789696; 0.14111767
1;-1.22797863;-0.2683324 ;-0.15274923;-1.52330228; 2.43597987
1;-1.15984158;-1.02018879;-1.01041963; 0.26728328;-0.84294898
1;-1.76697929;-0.54770253; 0.75368538; 0.65932238; 0.80544326
1;-0.99160206;-0.32809038;-0.03534777;-0.32177492;-1.01434724
1;-1.13147551;-1.11592996; 0.0234243 ;-0.04658147; 0.20161035
1;-9.53062409e-01; 1.47334503e-03; 2.15747662e-01;-2.48099332e+00;-1.53714264e-01
1;-0.89117404;-0.52985916; 0.01478736; 1.33405339; 0.50892624
1;-1.471846  ;-0.34327376; 1.38994136; 1.53969174; 0.13176349
1;-0.81572501;-0.44654491; 0.41226161; 1.16122673; 0.45243832
1;-1.09108628;-0.32458669;-0.13341895;-0.939314  ;-1.25164636
1;-1.36829603e+00;-6.82893186e-01; 4.34791594e-01; 1.21857484e-03;-2.84783480e-02
1;-0.98252418;-0.51358681;-2.01503411; 0.26864188;-1.15362842
1;-1.12177744;-0.57183773;-0.73899161; 0.0995111 ; 1.27668278
1;-1.18214902;-0.50527423;-0.76317957;-3.8119207 ; 1.06099075
1;-1.08972439;-0.39718014;-1.67630535; 0.34146827;-1.6916733 
1;-1.24863547;-0.38998552;-0.03216537;-1.59991982; 0.19221834
1;-1.27634325;-0.68491684; 2.03197373; 1.53620834; 0.55706417
1;-0.41308278;-0.63120844;-0.64734911; 0.24334458;-0.58494608
1;-0.58959404;-0.45712088;-0.06930852; 0.15246962;-1.91117916
1;-1.51506092;-0.65779965;-2.26856256; 0.76574791; 0.32242096
1;-1.35473964;-0.7609072 ; 0.42734777;-0.65124548; 2.35256098
1;-0.89285315;-0.54226727;-1.1540539 ;-0.1482822 ;-0.51742718
1;-0.91036558;-0.97528425;-0.20443772; 0.49130246;-0.9731115 
1;-1.25951386;-0.51674548; 0.16382737; 0.55236308; 0.63275862
1;-1.19463021;-0.08674765; 0.24797668; 0.13523606; 0.03708486
1;-1.18965967;-0.24088656; 1.6663268 ;-0.45730639; 0.04718509
1;-0.69856573;-0.26361968;-1.24144539; 0.54197138; 0.02035601
1;-0.93708806;-0.34637353; 1.8559862 ; 1.17785251;-0.58877701
1;-0.88442952;-0.87404195;-0.39018242;-1.21661614; 0.29702228
1;-1.23783621;-0.50005638;-0.65475419;-0.45257213;-0.16323325
1;-1.24894264;-0.73392008;-0.47135233;-1.39285788; 0.26400803
1;-0.99220082; 0.03683266;-1.07782554;-1.1218136 ; 1.82101871
1;-1.44559163;-0.66841381; 1.61718376; 1.02122777;-0.69046066
1;-1.15687394;-0.90449721; 0.17777356;-0.66109098; 0.43235436
1;-1.54039255;-0.60788715; 0.24394915; 1.54752383;-0.11176144
1;-1.21717822;-0.72669571;-0.47895289; 0.24367979; 1.41691451
1;-1.21866763;-0.61567334;-0.0893106 ; 0.79050763; 1.31447348
1;-0.80784659;-0.18221607;-0.73396055;-0.24234608; 0.76620296
1;-0.65492344;-0.08363222;-1.82270707;-0.84488873; 1.79079589
1;-0.9778566 ;-0.94305332; 1.31367416; 0.76199074; 0.33725987
1;-1.41276937;-0.44382274;-0.02262471;-0.18672569; 0.19961077
1;-1.10103093;-0.24661592;-0.56845586;-0.30222452; 0.37225559
1;-1.27700701;-0.62774328;-0.31020915;-1.0302757 ; 0.28984928
1;-1.61589065;-0.43672247; 0.52265193; 0.37283952; 0.45998682
1;-1.28763973;-0.83388861;-0.07311939;-1.53368393;-0.843935  
1;-0.9944629 ;-0.17060674;-1.37076801;-1.29952506;-0.63857445
1;-1.15513197;-0.8257832 ; 1.19782895; 1.52451282;-0.71500618
1;-1.1175842 ;-0.09444988;-0.54098161; 1.97542958;-0.60086159
1;-0.69657776;-0.89978811; 1.07614286;-0.62702897;-0.62134958
1;-1.27664958;-0.54991386; 0.98331525; 1.00124834;-2.14336498
1;-1.55627573;-0.48126994;-1.13566908; 1.54943471; 0.77870153
1;-1.74477535;-0.50309149; 0.04968014;-0.31383434; 0.35383408
1;-0.9807855 ;-0.81691223; 0.00999869; 1.94898912; 1.70403901
1;-0.76568223;-0.67326901; 0.42020405;-1.04839558; 1.94412669
1;-1.68352817;-1.30739425;-1.44698068;-0.02452628;-1.84549782
1;-1.136696  ;-0.15168508; 1.50993033;-0.19434691; 0.19421309
1;-0.83021682;-0.58468569; 0.10926995; 1.11544897;-1.33533539
1;-0.79782149;-0.92599318; 0.22060025;-0.23674721; 0.48342462
1;-1.02739348;-0.60511972;-1.1555993 ; 0.80489484;-0.42588697
1;-1.10377263;-0.51666042;-1.00022182;-0.35108726;-0.20104998
1;-1.02892204;-0.36085842; 0.98357868; 1.26508202; 1.27810604
1;-1.30194259;-1.42236096;-1.24698585; 0.57713861;-1.34317794
1;-0.99543574;-0.67887651; 0.26234839;-0.33792115; 1.59929049
1;-0.89142597;-0.45699385; 0.24151813;-1.06460813;-0.47567356
1;-1.26190484;-1.20991562;-0.146654  ; 0.60782669; 0.43947838
1;-1.07741269;-0.23033616; 1.45513576;-1.51583024; 0.7055193 
1;-1.43726038;-0.91064691; 0.43336363;-0.41158716; 0.3797196 
1;-1.16837705;-0.89904392;-0.23824222;-0.48308718; 0.93809903
1;-1.44454326;-0.65353145; 1.71827362; 0.91738749; 1.90893664
1;-1.58293753;-0.74607696;-1.16020732; 1.2503686 ;-1.66263112
1;-0.85028331;-1.15174792;-0.50340615;-0.5590617 ; 1.34682148
1;-1.64686968;-0.5226306 ; 0.01984996; 0.0179736 ; 1.1747515 
1;-1.34846943;-0.13264931;-1.85203554;-0.34976726; 1.202434  
1;-1.19395728;-0.40078979; 0.75698118; 1.00493239; 1.51391341
1;-0.55515658;-0.20755369;-0.8027432 ; 0.1637928 ;-0.96593661
1;-1.69345198;-0.17704145; 0.53919058; 0.35750138;-1.7217713 
1;-1.28429007;-0.62337003; 0.65521621;-0.29593523; 0.38934899
1;-1.29995526;-0.96264709; 1.13595578;-1.55420855; 0.2777591 
1;-1.23861583;-0.34970731; 0.22792872;-0.82480744;-0.08458231
1;-1.61503122; 0.30527764;-0.26245124; 0.69564438; 1.42778184
1;-1.58747736;-0.64699075; 0.56751833; 1.70365555; 0.14257456
1;-1.1417696 ;-1.04894862;-0.56576039; 0.44307833;-1.19670336
1;-0.88189804;-1.20955401; 1.0802883 ;-1.60174386;-0.07351555
1;-1.87308596;-0.46407049; 0.64379992;-0.08102466; 0.85331224
1;-1.30459089;-0.34653597; 0.6855441 ;-0.30710882;-0.57057997
1;-0.74900109;-0.36855234; 0.90793362;-1.21473892; 0.93744903
1;-1.44122926;-1.21814718; 0.54787145;-0.2511126 ;-0.25796637
1;-1.20774245;-0.3223708 ; 0.74238549; 0.42642813; 0.12832706
1;-1.20016027;-0.62668782; 1.38071942; 1.8927735 ; 1.13679269
1;-1.1009515 ;-0.92893047;-0.36433962;-0.48469054;-0.54391905
1;-1.17243039;-0.4391597 ;-0.02877958; 0.80543197; 0.64737383
1;-1.08778869;-0.46044198; 0.24224407;-1.0289259 ;-1.45423732
1;-1.43683644;-0.60020988; 1.8432551 ;-0.16540489; 0.65449661
1;-1.23072218;-0.72594757; 0.20561995;-0.06791439; 0.80658839
1;-1.32474965;-0.44216372; 0.12436553;-1.34360803;-0.11992452
1;-1.47668461;-0.45957085; 0.11488122;-0.18461601;-0.72257324
1;-1.4211863 ;-0.38099806;-1.10055222; 0.61917092; 1.22337107
1;-1.15371659;-1.29129386;-0.16730051;-0.75806676; 2.5852103 
1;-1.68499838;-1.03046889;-0.12141332;-1.66525497; 0.04668171
1;-0.65310908;-0.62202994; 0.66218193; 0.07170341;-1.73304971
1;-0.86775701;-0.89183654; 0.10655464; 0.00153753;-0.8937921 
1;-1.34832155;-0.75854479; 0.47275783; 0.83921623; 0.89933649
1;-1.16872563;-0.22590336;-0.17565468; 0.76283457; 0.68882151
1;-1.37856386;-0.35902018;-0.92725561; 0.31709549; 1.08548181
1;-1.2341375 ;-0.62800647; 0.8148859 ;-0.76416997;-0.78097304
1;-1.03459119;-0.7644589 ; 1.01488744;-0.88795712; 0.96154505
1;-1.35804576;-0.88150826;-0.55470996;-1.60100915;-1.23316431
1;-1.04364345;-1.36525074;-0.90909185; 1.01566275; 0.50106838
1;-1.55376574;-0.8270251 ; 0.88380725;-0.51958933; 0.74447153
1;-1.02951607;-0.59678594;-1.47756762; 0.81446239; 0.58034345
1;-0.97003654;-0.32795683; 0.15785525;-1.4439103 ; 0.59118697
1;-1.65077595;-0.64894652; 1.16605501;-0.18051033;-0.61240913
1;-0.68888918;-1.15589646;-1.18681815;-0.43432048;-0.0274872 
1;-0.94331258;-0.60626381;-2.18107643; 1.18757202;-0.10518948
1;-1.4174854 ;-0.50850129; 0.37899131;-0.07001515;-1.89582341
1;-1.34586218;-0.51537278; 0.0876719 ;-1.22411731;-0.68249648
1;-0.87774569;-0.67253952; 0.09351538;-0.50212943; 1.25519966
1;-1.50791335;-0.75835927; 0.48671855; 0.0817654 ;-0.04609547
1;-0.70215087;-0.76501876;-0.35394078;-0.09287246;-0.87471805
1;-1.21544994;-0.32008564; 0.45605188;-1.07566738;-0.52756108
1;-0.81404881;-0.10492049; 0.92248465; 0.95227279;-0.06700682
1;-1.18619675;-0.50518206;-0.82085042;-0.68723527; 0.38390846
1;-1.49287226;-1.05607025; 0.74824228;-0.7261003 ; 2.04020114
1;-0.76893348;-0.97366123;-0.73859055;-0.33914879;-1.252432  
1;-0.86020445;-0.54987011; 0.03755559; 1.36712095;-0.62074601
1;-1.33074327;-0.72377115; 0.03487123;-0.02553065;-1.36528741
1;-1.48438292;-0.44930856; 1.38267173;-0.5635566 ;-2.39583681
1;-1.60736449;-0.56501439; 1.52695941;-0.20516404; 2.45171714
1;-1.33351718;-0.97058038; 2.3899018 ; 0.0641853 ;-0.33094978
1;-0.86334191;-0.88317149; 0.24080054;-0.04694107; 1.12340252
1;-1.07961584;-0.12934673; 1.59713114; 0.7155487 ;-1.205509  
1;-0.77852544;-0.23200954;-0.82303114; 0.46777747; 1.82066911
1;-0.91401473;-0.86729357;-0.67193544;-0.89811404;-1.15024884
1;-1.71773802;-1.1081994 ; 2.04523577;-1.6416137 ; 0.40955085
1;-1.3560472 ;-0.92626333;-1.78263647; 2.34150722;-1.05608972
1;-1.43985848;-0.61068644; 1.69447638;-0.84804939; 1.04436527
1;-1.75008288;-0.41971196;-1.14830936;-0.81188638; 0.54570827
1;-1.1985689 ;-0.35500605;-0.86255893; 1.35735388;-2.20554698
1;-1.4144828 ;-1.11355818; 1.65495648; 0.65698692; 0.1878531 
1;-1.12862227;-0.82081069;-1.70393299; 1.09679464;-0.79258265
1;-1.16073556;-0.18473571; 0.51687805; 1.65765964; 1.3032824 
1;-1.05292855;-0.55165607; 0.24741748; 0.33903266; 0.49150005
1;-1.25946291;-0.42702253; 0.41727154; 0.55560103;-0.52732267
1;-1.57719843;-1.17822178;-0.59255153;-0.91755461;-0.89141082
1;-1.81933942;-1.04121175; 0.11142334;-0.30475741;-1.42512381
1;-1.33654087;-0.49246025;-0.38755615;-0.01181042; 1.1345514 
1;-0.92570818;-1.16167948; 1.32641217;-1.30791381;-0.32989704
1;-1.33976433;-0.53589481;-0.28872933; 0.59266877;-0.31385316
1;-1.60031048;-0.71237006;-1.92701971; 1.69289006;-0.46323125
1;-1.01086845;-1.13759054;-0.04090194;-1.45272295; 1.54528034
1;-1.14045273;-0.63543336; 0.62150048; 1.50887258;-1.4701589 
1;-1.12903191;-0.68052706; 0.94457948;-0.17172604;-1.69569702
1;-1.20497976;-0.42212186; 0.61601956; 0.47216321;-0.39383753
1;-1.54144208;-0.41566129; 0.3225474 ;-0.37239294;-0.19314651
1;-1.3968988 ;-0.39134827; 1.01284461; 1.01576173;-1.4895732 
1;-1.38769002;-1.41990127; 0.01428061;-1.56268345; 0.85704451
1;-1.4558985 ;-0.69793998;-0.12200246; 0.5891437 ;-1.33847653
1;-1.35733748;-0.87007266;-0.50677347;-0.77700805;-1.43119031
1;-0.65010274;-0.98165505; 1.01985996; 1.42312152;-1.78320712
1;-1.12120002;-0.24553459;-0.39076879;-0.94807342; 0.28541599
1;-0.71880337;-0.58008186;-0.19593671;-0.10134029; 1.92986016
1;-1.15030601;-0.46231226;-0.66945689;-0.62196362;-0.73860517
1;-1.02671685;-0.75785809;-0.07394466;-2.53956032; 0.71328229
1;-1.47560395;-0.3423589 ; 1.50935906;-0.34024049; 1.56687134
1;-0.90652334;-0.58766514; 0.60571882; 0.28392088;-0.11595862
1;-1.19741059;-0.69978711;-0.3115109 ;-0.2181349 ; 0.32749109
1;-1.10911743;-0.34992031; 0.64087565;-0.19978196;-0.29779394
1;-1.42913471;-0.77303074; 1.08926984; 1.30648264; 1.22262768
1;-1.54351905;-0.5288049 ; 0.18083351; 0.5628491 ; 0.65045942
1;-1.2378743 ;-0.87060063;-0.45735455; 0.62624629; 0.17678789
1;-0.66527138;-1.17486728; 1.12356348;-0.4956265 ;-2.14571237
1;-0.93491602;-0.87867333;-0.41944247;-0.90298914; 0.14208914
1;-1.02689897;-0.60993716;-1.19000209; 0.83645603;-0.59270014
1;-1.31345606;-0.34693492; 1.32090178;-0.05939349; 0.36184976
1;-0.82746404;-0.68003668;-1.99368517;-0.88350163;-0.99503634
1;-1.51283289;-0.66343144;-0.4491417 ; 0.72719547;-0.3518289 
1;-1.03241984;-0.48217304; 1.00552743; 0.66772455; 0.48732849
1;-0.91939369;-0.44574463;-2.30580613; 0.5258001 ; 0.41947309
1;-0.66831535;-0.38235978;-0.47946985; 0.77558579; 1.07876857
1;-1.66332371; 0.22928115;-1.76971224;-1.03238668;-1.57805472
1;-1.66935556;-0.71025484;-0.40314994; 0.59378779;-0.2471185 
1;-1.483747  ;-0.56316492; 0.886418  ;-1.17587004;-0.49427559
1;-1.56705611;-0.52836425; 3.14137305;-0.67354039;-1.25932082
1;-1.52904745;-0.90498658; 0.88974112;-0.16029947;-0.28967574
1;-1.73500509;-1.16762145;-1.56924484;-0.82585271; 0.57042351
1;-1.25766302;-0.32219362; 0.07898002; 0.14020152;-0.39521876
1;-1.21594002;-0.22502399;-0.10503133; 0.13843301;-0.93941435
1;-1.3874966 ;-0.59144503;-0.1858949 ; 0.45858285;-1.11900234
1;-1.45625577;-0.27797531; 0.825606  ; 0.04291024; 0.14315218
1;-0.9921917 ;-0.91454818; 1.57474058; 1.90592029; 0.46753899
1;-1.67807747;-0.56881777; 0.23853677;-0.96307737; 0.58364196
1;-1.33744344;-0.2657421 ;-0.58396031;-0.00204971; 0.2370664 
1;-1.23590813;-0.3490748 ;-0.47169639; 2.40070405;-1.05532039
1;-1.01302744;-0.52086679;-1.07112693; 0.53640722;-0.25536692
1;-0.49005674;-1.09395325;-0.99868007;-0.85172722;-0.89631219
1;-1.7277621 ;-1.48514067;-1.13321383;-1.58642004; 0.13476712
1;-1.22155778;-0.42416245;-0.18153204; 1.92256921; 0.09169715
1;-1.36657744;-0.67808356; 0.29561614;-1.13557311; 1.46569174
1;-1.21589827;-0.72575906;-0.49222249;-1.05388328; 0.13103515
1;-1.8951703 ;-0.68048917;-0.30002634;-0.42262263;-0.65116661
1;-1.64045793;-0.30469236;-1.28411764;-2.12227436; 0.14561867
1;-1.67842379;-0.85672824;-1.83998816; 0.08155784;-0.20523019
1;-0.96645677;-0.50249036;-0.96796949;-2.33082775; 1.049941  
1;-1.50233758;-0.6787406 ; 0.3604176 ; 1.85114111;-1.14696818
1;-0.96864718;-0.13385391; 0.17671194; 2.70436899; 0.78464715
1;-1.82926447;-0.35413097; 1.3544743 ; 2.73285701;-0.37070774
1;-1.34093234;-0.80595798; 1.68642542; 0.69041087; 0.2965901 
1;-1.39234051;-0.91150221; 0.31896951;-0.17789424; 0.39771547
1;-0.90335172;-0.02904811;-0.0101224 ; 0.71680284; 0.7469223 
1;-1.3714305 ;-0.12716174; 0.08353642;-0.04893489;-1.15702633
1;-0.9524234 ;-0.80411374;-0.55706629; 0.32491789; 0.31702059
1;-0.94789653;-0.50048002;-1.72383083;-0.33031583;-0.11563752
1;-1.12677599;-0.86410023;-0.89448978; 0.37562226; 0.08432115
1;-1.02858503;-0.74048555;-0.88760122; 0.23355656; 1.66497749
1;-1.09975709;-0.52187018; 0.45556741; 1.10936878; 0.28370285
1;-1.64971536;-1.0255255 ;-1.06771074;-0.96477729; 1.4880587 
1;-1.25467481e+00;-1.87235640e-01; 4.76078555e-01;-4.43127507e-01;-5.70804076e-04
1;-1.15288767;-0.53404091; 1.61354878;-0.93202965; 2.62213416
1;-1.78444414;-0.65934231;-1.54574601; 0.35783234;-0.20537714
1;-0.84669568;-0.33923002; 0.07609106;-0.87225438; 1.18003919
1;-0.860238  ;-0.504509  ; 0.38057817;-1.74434922; 0.39528927
1;-1.03401777; 0.03514796; 0.06169883;-0.24684467; 0.0531063 
1;-1.23487594;-0.17559844; 1.46086326; 0.06395983; 0.96876619
1;-1.35769641;-0.01876289;-0.04503681; 0.37590306; 0.08171583
1;-1.09815983;-0.48820737; 1.12496212;-1.18099378;-0.75553052
1;-1.61412243;-1.12566505; 0.53052606; 0.8557639 ;-0.86656221
1;-1.07140384;-0.82423415; 1.13207075;-0.14034325;-0.00419697
1;-1.24345149;-0.22124552; 2.12865271; 0.39996964; 0.1092757 
1;-1.53528422;-0.87174429; 1.03923674; 1.04499885; 0.76709541
1;-1.28419439;-0.24997252;-0.13549432;-0.31828059;-0.55416887
1;-0.78080706;-1.00677915;-0.23878151; 1.36515646;-0.74031468
1;-1.05400207;-0.20601486;-0.62337758; 1.90765758; 0.00503589
1;-1.53983266;-0.44659408; 0.96297583; 0.49598182; 2.81567573
1;-1.21601989;-0.5449538 ; 0.21242184; 0.92023342;-0.31775768
1;-1.29530264;-1.24696767;-0.48275768; 0.68060966;-0.22067967
1;-1.05505176;-0.34129197; 0.60107755;-0.85980912; 0.78517484
1;-1.81027346;-1.00012844;-0.9503805 ; 0.42207269;-1.25904529
1;-1.21742918;-0.75854847;-0.48558725;-0.57666564;-0.24461262
1;-1.48433445;-1.01615504;-1.49743084; 0.5506971 ; 0.3138813 
1;-1.52698327;-0.93559375;-0.20782968; 0.5361396 ;-0.26489756
1;-1.14022688;-0.95405504; 0.15868995;-1.32798702;-0.03022259
1;-1.15983185;-0.80581439; 1.17293239;-1.45840576;-0.4058333 
1;-1.43714038;-0.89065046;-1.30146637; 0.26994198;-2.20773805
1;-0.95600186;-0.64818163;-1.30094052;-0.14314145;-0.72428298
1;-1.47671885;-0.17101062;-0.04536374; 1.6514875 ;-0.10047382
1;-1.55605732;-0.65901899;-0.06473069;-1.18651975; 1.4484225 
1;-1.0708366 ;-0.78411545;-1.28343818; 1.5292514 ; 0.26779331
1;-1.31698683;-0.36318632; 0.80262803;-0.05762028;-0.32369289
1;-1.78919974;-0.15301997; 1.47567212; 1.17944013;-1.51593868
1;-1.2417277 ;-0.47579744; 1.03186511; 1.82518997;-0.85951977
1;-1.36370745;-0.8408921 ;-0.50893129; 0.16254798; 0.59855471
1;-1.38965727;-0.92190308;-0.49191969;-0.18260416;-1.4992758 
1;-1.2235318 ;-0.99310814;-1.55972391; 0.3557004 ; 0.31897512
1;-0.90111954;-0.3361788 ;-0.98837136;-0.56884553;-0.3569272 
1;-1.15115334;-0.36388348; 0.97074534; 1.70307301;-0.77170919
1;-0.78965611;-0.82338801;-1.66348455;-1.10067089; 0.58664539
1;-1.78344874;-0.48291329; 0.99716824; 0.00634665;-1.61102107
1;-1.17504084;-0.69335526;-0.17564998;-0.8975212 ; 0.46271681
1;-1.31412522;-0.47902052;-1.52672734;-0.28982575;-1.35021578
1;-1.43192473;-0.3712693 ;-1.25655598;-0.23581729; 0.02407202
1;-1.20445336;-0.83743468;-0.78758203; 0.10786073;-0.43104115
1;-1.22151856;-0.75933414; 1.71618491; 0.67661348;-0.69106154
1;-1.05235256;-0.48467711;-1.4512429 ;-0.26856037; 0.46366725
1;-1.01476654;-1.02280871;-0.73021346; 0.1254792 ;-0.3005361 
1;-1.57331022;-0.8921545 ;-0.64725088;-0.15556125;-1.34859658
1;-1.20164214;-0.68957456; 0.15674605; 1.39346329;-0.85484853
1;-1.42723724;-0.16001247;-0.07609566; 0.11380814;-0.11985828
1;-1.62895927;-0.54125936; 0.04925998;-0.93632052;-0.15074756
1;-1.28161431;-0.22908121; 1.38904487;-0.6943407 ; 0.64208387
1;-0.86406479;-0.7221288 ;-0.08441912; 0.53200466;-1.39342983
1;-1.10375851;-0.7060922 ; 0.99800793; 0.16156354;-0.24647736
1;-1.24965257;-0.7179364 ; 0.3036567 ;-0.01207476;-2.26070005
1;-1.2659178 ;-0.76928111; 0.74655641;-0.10096694; 1.14255997
1;-1.38209289;-0.63483474;-0.47626401;-1.82811106;-1.11375202
1;-1.07279523;-0.57811684;-0.11623996; 0.36126029; 1.1814343 
1;-0.82898726;-0.36522827; 0.58864098;-0.33408937; 0.58866655
1;-1.17087547;-1.00441826;-0.33318032;-0.34681218; 0.54041849
1;-1.35765246;-0.82254316;-0.31287903; 0.98060644; 0.61125083
1;-1.28920449;-0.62042531; 0.58613702;-0.81725955;-0.73800576
1;-1.1458763 ;-0.41917813; 0.63233937; 0.47500983;-2.4746756 
1;-1.19721839;-0.74795358; 1.75259559; 0.74331534;-1.77284918
1;-0.85126485;-0.75555705; 0.30531219;-1.00426545;-1.65397061
1;-1.25752689;-0.38312404;-0.9873215 ; 0.50185912;-0.56672626
1;-1.4021901 ;-0.96449266;-0.831249  ;-1.52380811; 0.59563656
1;-1.83730234;-0.46261607;-0.31437207; 1.38842458;-0.33621576
1;-1.97417996;-0.59432188; 0.36939146;-0.57171555; 0.47939401
1;-0.88528078;-1.11981978;-1.41399898; 1.87655445;-1.63039211
1;-1.00026075;-0.83206645;-2.34600256;-0.90742389; 0.22147976
1;-0.96162403;-0.8111806 ;-0.75541018; 0.60258217; 1.32857261
1;-1.58616346;-0.69861525; 0.87244353; 0.23471254; 0.3608498 
1;-1.85034996;-0.3108739 ; 0.07052771;-0.49006092; 0.56996249
1;-1.16959432;-0.08001545;-0.27262925;-0.84324874; 0.12518621
1;-1.30434213;-0.30289336;-2.2154292 ; 1.12875134; 1.52686812
1;-1.38610487;-1.28040245; 1.09812374; 0.88753629;-0.3671096 
1;-0.93734547;-0.4194976 ;-2.2437152 ; 0.57296986;-0.08234114
1;-1.23168969;-0.60406668; 0.99060341; 0.19871016; 0.35004236
1;-1.10417135;-0.8387126 ; 0.40404981; 0.93555121;-1.62413569
1;-0.87295162;-0.91767167; 0.80397028; 0.15259656; 1.0288387 
1;-1.37218128;-1.24210588;-0.68944368;-1.10151017; 0.57932086
1;-1.80866308;-0.87723988;-0.4506579 ; 0.59742361;-2.2155253 
1;-0.92498861; 0.07358062;-0.4426283 ; 1.41702741; 0.39295187
1;-1.26163057;-0.58190838;-0.87915317; 0.67806595;-0.39791432
1;-0.95117266;-0.49102655; 0.7411774 ;-0.37904186; 0.14577996
1;-1.52941855;-0.73699176;-0.90582221;-0.72444084;-0.31715087
1;-1.44117406;-0.2561622 ; 0.30246677; 0.29796427;-0.68261525
1;-1.29326182;-0.76860322;-0.96614238;-1.10890041; 0.86497549
1;-1.74931477;-0.33585185;-0.51876305;-0.75963875; 0.39751066
1;-1.633859  ;-0.60705354;-0.2910943 ; 0.3219949 ;-1.10722214
1;-1.03272101;-0.54896624;-0.85817902;-0.44062089; 0.54970312
1;-0.46238304;-0.04255525; 0.15233715; 1.48041786;-0.64969332
1;-1.56551643;-0.50765531; 1.32716253;-1.78327862;-0.91738519
1;-0.9606749 ;-0.99295263;-0.02609048; 0.71276028; 0.29827982
1;-0.75333297;-0.23249964;-0.62921533;-0.20464217;-0.52519328
1;-1.4887646 ;-0.15256023;-0.61174288;-0.16454941;-1.19595862
1;-0.89825596;-0.97449434; 0.55334179; 1.96395905;-0.82207775
1;-1.11492745;-0.70716975;-1.25570957; 1.63323893; 0.58317491
1;-0.98682476;-0.77812934; 0.38938401;-0.69702073; 2.20120042
1;-1.28815504;-0.89215149; 0.0179556 ; 0.78267229; 2.26323431
1;-1.38160842;-0.48934853; 0.84947796; 0.3466594 ;-0.31679613
1;-1.17235027;-0.99599111; 0.50247919;-1.64424806;-1.01012162
1;-1.34407484;-1.05269614; 0.55767575;-0.88537049; 0.26319377
1;-0.96862466;-0.3009386 ; 1.10820844; 0.47933254;-0.1263413 
1;-1.7199747 ;-0.57013844;-1.34731062; 0.29128302; 1.39313654
1;-1.42546488;-0.50364992; 0.11627741;-1.51078866;-0.00307355
1;-1.16537747;-0.63634977;-1.05566154;-0.6362394 ;-0.01922253
1;-0.84392152;-0.39069738; 0.4566582 ;-2.0388868 ; 0.66885422
1;-1.05563961;-0.23322924; 0.33225131; 0.41078681;-0.4823257 
1;-1.40094453e+00;-6.93009410e-01; 1.13454219e-03; 7.79240158e-01; 6.22796822e-01
1;-1.14646746;-0.74574493; 0.65143027;-1.32251019;-1.0211368 
1;-1.53024286;-0.36725066; 1.19242414; 1.3408129 ; 2.17663245
1;-1.16938688;-0.43336589; 0.88812599; 1.36405416;-1.04750644
1;-1.21031556;-0.2667972 ;-0.58404108; 2.13267001;-0.10227385
1;-1.13299369;-0.97436115;-0.87297523;-1.40117846;-0.56034017
1;-1.2918721 ;-0.8465223 ;-0.13477492;-0.5763808 ;-0.27230547
1;-1.43550266;-0.38230854;-0.26208203;-0.32592095; 0.80058777
1;-0.92788889;-1.23634825; 0.39014234;-2.11619447;-0.07132496
1;-0.77847985;-0.03397655; 1.17319055;-0.609771  ;-1.39832083
1;-1.02487078;-1.45446033; 0.16850252;-0.17718881; 1.5645076 
1;-1.05216358;-0.68205592; 1.71928578; 0.18382898; 1.23972077
1;-1.74600582;-0.59726519; 1.12955454; 0.64054128; 1.21817359
1;-1.44706122;-0.66705947;-0.25559392;-1.83164631;-0.93076265
1;-1.08976232;-0.04393878;-0.05895263; 0.47138162; 0.09459026
1;-1.47543317;-1.20223379; 0.82035859; 0.1700402 ; 0.08073488
1;-1.20402745;-0.35405954;-0.91595203; 1.8706383 ; 0.40313634
1;-1.98935004;-1.12997477;-1.33755483;-1.04822101; 1.28990034
1;-1.22547596;-0.66261448; 1.70042751;-1.19403321; 0.63535754
1;-1.47765694;-0.69913729;-0.76685197;-0.25873748; 0.772721  
1;-1.24713542;-0.2057866 ;-0.84664436;-1.77763939; 0.50515659
1;-1.55362361;-1.15685482; 0.41298582;-0.92019987;-1.07866218
1;-1.22340603;-0.35659278; 1.0483215 ; 0.63818094;-0.46884729
1;-1.16548072;-0.25866473;-0.88596987; 1.29367129;-1.193577  
1;-1.22370876;-0.65189926; 0.66430399;-0.32131336; 0.83040125
1;-0.8059419 ;-0.3993193 ;-0.41523192; 0.08906465;-0.04511322
1;-1.0108875 ;-0.80954809; 0.00788847;-0.72491611; 0.06279106
1;-1.30111762;-0.38297131;-0.22158343;-0.78643832; 0.08100268
1;-1.00038017;-0.50580161;-0.53745815;-0.39003595; 0.65191054
1;-1.26132127;-1.07183365; 0.54095154;-1.43920122;-0.48755809
1;-0.71738544;-0.800156  ;-0.34191899; 0.90882106;-1.3774424 
1;-1.66072972;-0.60190572;-1.65800024; 0.47628597;-0.27033589
1;-1.52268227;-0.43592905; 0.81608367; 0.61360806; 0.43245289
1;-0.83346773;-0.79723368; 0.23386046; 0.41120772; 2.1928955 
1;-1.24813552;-1.15935024; 0.48474718;-0.61408078;-0.40044039
1;-0.99250338;-0.62826214;-1.23682809; 0.5994437 ; 0.81332184
1;-1.37384886;-0.70374329; 1.26783216;-0.80274999;-1.22118225
1;-1.02895057;-0.61784674; 0.49857387;-1.13086381;-1.27630747
1;-0.69728381;-0.75242579; 1.41093669; 0.48049417;-1.73149713
1;-9.53580619e-01;-3.52728681e-01;-2.59941811e-04;-3.90956151e-01; 1.40168755e-01
1;-1.04624344;-0.54141297;-0.02136392;-0.29739781; 1.75889597
1;-1.03002053;-0.43021347;-0.27636154; 0.37593785; 0.86839802
1;-1.35822958;-0.91751103; 0.05247502; 0.02984704;-0.59574253
1;-1.19048124;-0.68388507;-1.78212942; 0.4758792 ; 0.24299355
1;-0.99067352;-1.1344507 ;-1.85689807; 0.94973447;-0.57284646
1;-1.26516567;-0.81593631; 1.6564377 ;-0.24263807; 0.58647399
1;-0.73633503;-0.4601061 ;-0.55322823;-1.38733258; 0.16415592
1;-1.3358657 ;-0.4535568 ; 0.17088729; 0.79220179;-0.98471296
1;-1.01632176;-0.32084565; 1.4393869 ;-0.41785633; 0.66455623
1;-1.35276349;-0.27311295;-1.23391463;-1.65581549; 1.29075796
1;-1.57082032;-0.72747501; 0.41642846;-0.62707311; 1.11205825
1;-1.1538405 ;-0.47704791;-0.01199427;-0.84450805;-0.848903  
1;-1.2417097 ;-0.35497788;-0.92880515; 1.2384096 ; 0.55433462
1;-1.29208183;-0.95505048; 1.0731732 ; 1.0069082 ;-1.7949386 
1;-0.956072  ;-0.99299789;-0.09671054;-0.59986069; 1.3020932 
1;-1.20127463;-0.59320715;-0.44940626;-0.54612876;-0.97901985
1;-1.20650092;-0.96737459; 1.22947712; 0.87278535; 0.82823996
1;-0.70099177;-0.3501063 ; 1.87696083; 0.17731064;-0.63650851
1;-1.41768958;-0.36628807;-1.62423198;-0.07208534; 2.39668815
1;-1.23101029;-0.07324855;-0.53679731;-1.22262473;-0.924617  
1;-1.46919314;-0.64029406;-1.21162318;-0.44480522;-0.29954027
1;-1.63962776; 0.32386678;-0.28361104; 0.02632608; 0.26036342
1;-0.60055494;-0.10569802;-0.27447176; 0.4758915 ;-0.58228206
1;-0.92380279;-0.22234939;-1.34903882;-1.12551646; 2.56284817
1;-0.85778841;-0.85031449;-0.36551801;-0.15206877;-0.94349558
1;-1.84176625;-0.76648037;-0.05227383;-1.26650239; 0.26638658
1;-1.36075209;-0.61986091; 2.04118392; 0.71539868;-0.34623145
1;-0.93204442;-0.93414889;-0.52446098;-0.35621227;-0.76258025
1;-1.4613543 ;-0.50625643;-0.00372894;-1.71904549;-0.13679947
1;-0.94676585;-0.59780945;-0.09373199; 1.69559511; 0.62471445
1;-1.62829145;-0.53952805;-0.19204968; 0.62552782;-1.10751872
1;-0.76586665; 0.33324374; 0.07079684;-0.11124638; 0.91992998
1;-1.21247384;-0.17184964;-0.18500615;-0.16309954;-1.06146575
1;-0.63583477;-0.29556996;-0.25146467; 0.49037844;-0.1584727 
1;-1.28712068;-0.20077385; 1.35978415; 0.85807527;-0.34595292
1;-1.09775697; 0.16461914; 2.14496069; 1.30286779;-0.18131974
1;-1.34441343;-0.25519421; 0.75167121;-0.3500333 ; 1.24294722
1;-1.34473311;-0.32329381; 0.45963775;-1.24973115;-0.14005849
1;-1.19853541;-0.38447653;-0.65431443; 1.25733874; 0.82703731
1;-1.4151828 ;-0.70507984; 0.51604481;-0.82018215; 0.66109347
1;-1.75292043;-0.09784635;-1.79721791; 0.42010101; 0.40561631
1;-1.08162817;-1.00732677; 0.46695631; 0.29311224; 0.20022319
1;-0.95895108;-0.47427177; 0.5094399 ; 0.86235072;-2.18859545
1;-0.9332318 ;-0.44286881; 0.00788717;-0.897091  ; 0.08193954
1;-1.80351957;-0.34527945;-0.37095341;-0.83766526; 0.35354178
1;-1.65808202;-0.68698533;-0.03332803;-0.22684827; 0.85867775
1;-1.15157125;-1.12653437; 0.68133497;-0.96465487; 0.28939012
1;-1.27954802;-0.36340072;-1.13822936; 0.72069212;-0.28611814
1;-1.17519047;-0.69266659;-0.299372  ;-0.5841891 ; 0.14514472
1;-1.1780115 ;-0.17054493; 0.92923107; 0.48712985; 0.39835441
1;-1.22881563;-0.36317435;-1.03384231; 2.06477138;-0.06424828
1;-1.26718797;-0.96915431; 0.0210176 ; 1.70807061; 0.68714294
1;-0.8515532 ;-0.49886654; 0.41132881; 0.09951014; 1.37083645
1;-1.37972079;-0.21786776; 0.92809575; 1.94685344; 2.25893897
1;-1.4699583 ;-0.97916741;-1.20049505; 1.20283746; 1.06268936
1;-2.05888932;-0.79017432;-0.96174208;-0.04880323;-0.80415661
1;-1.14896217;-0.77314613;-1.33557308; 0.09488917;-0.36680506
1;-1.52586097;-0.79997685; 0.25771814;-0.20173525;-0.55064095
1;-1.33773577;-0.65482363;-0.42322158;-0.1116157 ;-0.48222244
1;-1.58135961;-0.85087315;-1.60239048; 1.03815551; 0.04873978
1;-1.06546207;-0.56769524; 0.65235365; 1.21052937; 0.39428811
1;-1.30010735;-0.81500265;-0.3640125 ;-0.59335093;-1.49127139
1;-1.55816353;-0.38724137;-0.09109095; 0.63398008;-0.11398207
1;-1.33616084;-1.29880363; 0.5611336 ;-1.92907366; 0.85058432
1;-0.94132476;-0.3175686 ; 2.20427053;-0.64676716;-1.65424978
1;-1.49415391;-0.55953126;-2.4238647 ;-1.82240366;-0.16414422
1;-0.77333384;-0.28852097;-0.47429401;-2.24318204; 0.04259266
1;-1.26858857; 0.00950644;-0.96420854; 0.58138198;-0.5009233 
1;-1.01103122;-0.42737956;-0.33461859;-0.13101983;-0.99865159
1;-0.64621635;-0.97615966; 0.55047231;-0.8637528 ; 0.50935234
1;-1.02454998;-1.07865166;-0.23552977;-0.17536166;-1.74050233
2; 0.77865489;-1.03319999;-0.43605596; 1.07438849;-1.44660128
2; 1.65591958;-0.82028113;-0.03279926; 0.7865267 ; 0.14828523
2; 1.00075135;-0.79056763; 1.74694483; 1.81687484;-0.49532195
2; 0.97544528;-0.57139776; 0.92491986; 1.01000188; 0.09969153
2; 1.27637714;-1.07713073; 0.3591416 ;-1.32256971; 0.1088552 
2; 1.49096184;-1.33565939;-0.81678219; 0.17031148; 0.84014888
2; 1.78817334;-0.82444346; 1.01129393; 1.79001897;-0.78118087
2; 0.93507379;-0.3285718 ; 1.63803262;-0.542058  ; 1.31477334
2; 0.96723328;-0.75156149;-1.72439239;-0.74252351; 1.12239691
2; 1.3572142 ;-0.90184147; 2.41230898; 0.71569653;-0.5114517 
2; 1.45506863;-0.89656148;-0.18165623; 0.97369959;-0.96520123
2; 1.88942298;-1.00056477; 1.64736568; 1.05373931;-1.15221677
2; 0.68137658;-0.55733531;-0.35381407; 0.17110753;-0.4014402 
2; 1.2440629 ;-0.68723606; 0.88239207;-0.92542381;-1.43817716
2; 0.93121056;-0.84527837; 0.75235169; 1.72248363; 0.62058668
2; 0.96863074;-0.97599346;-0.44786791; 1.04749986; 0.85562585
2; 1.10537577;-0.67282287; 0.24563695;-0.25821876;-0.20607411
2; 1.16736942;-0.28072006; 0.21933802;-0.24299168;-1.15977287
2; 1.19492723;-1.32510096; 0.88823388;-1.11837286;-0.71573912
2; 0.82559827;-1.1027163 ; 0.44831781;-0.26644263; 0.43383096
2; 1.48999978;-0.63156046; 1.40159076; 0.99768668; 0.68590254
2; 0.78987259;-0.18340975;-0.66806583; 0.17430223; 0.13539904
2; 1.39802135;-0.67982405;-0.87650475; 1.83408606; 0.02676662
2; 1.19834012;-0.94744925; 0.25219603;-0.90643325; 1.5892785 
2; 0.83038267;-0.08186141; 0.77514887;-0.66628125; 1.14227562
2; 0.82436289;-0.56951586;-1.66640469;-2.07443132;-0.01441682
2; 1.14717365;-0.78706674; 0.59437349; 1.18066941;-0.52815296
2; 1.44519651;-0.70775882;-1.21727129; 0.09629638;-0.96331653
2; 0.78505399;-0.46283789;-0.04280026; 0.18983455; 1.24072469
2; 1.28985103;-0.33408694; 3.05814693; 0.82127639;-0.86376283
2; 1.27866674;-1.02313957; 0.73769253; 0.50282223; 0.32381022
2; 1.49570819;-0.58609739;-0.97649005;-0.60205601; 0.43447601
2; 1.23047167;-0.91391834;-0.30679641;-0.41281605; 0.3431736 
2; 0.89542758;-1.1680902 ;-0.78935348;-0.32421376;-0.27130509
2; 0.99433898;-1.14853962;-1.18613435; 0.64545369; 0.46716637
2; 1.469807  ;-0.5424054 ;-0.60875963;-1.55269154;-1.78618374
2; 1.0476255 ;-0.85205686;-1.35874935; 0.36742103; 0.42868354
2; 1.3040343 ;-0.69994613; 0.60161299; 0.21162626; 0.95785718
2; 0.86597353;-0.9753144 ; 0.15737719; 0.22606336; 0.84583681
2; 1.31218759;-0.86485632;-0.84029896; 0.38694344; 0.01759476
2; 1.5114252 ;-1.34366212;-0.55953762;-1.75392901; 1.01028378
2; 1.04751137;-0.62456221; 0.64666842;-0.13790862; 0.2807071 
2; 0.98632657;-0.36959976;-0.46773302; 1.75438378;-0.21057667
2; 1.17154759;-1.02702321;-0.90743696;-1.13315874;-0.20295566
2; 1.5744729 ;-0.57416106;-1.49253886; 2.64711463;-0.69066995
2; 1.22899589;-0.6752697 ;-0.28528417;-0.19900834;-0.16279059
2; 1.00211952;-0.99751511; 1.44592431;-0.04481837;-0.4590861 
2; 0.95472116;-0.81316159;-0.37582841;-0.1074651 ; 0.50607273
2; 1.13720967;-0.44999744; 0.93980656;-0.97766553;-1.59195397
2; 1.54863975e+00;-5.32646774e-01; 2.26261420e-01; 2.08131260e-04;-1.40794812e-01
2; 1.48067321;-0.81935397;-1.94106676; 1.52335437;-0.49054586
2; 1.03087594;-0.98150541;-2.4974348 ; 0.18245542; 1.16903656
2; 1.59155735;-0.51466719;-0.43401359; 0.04288825;-0.64715647
2; 1.25525405;-0.70691989;-1.32732914; 0.09279211; 0.98538632
2; 1.07634146;-0.71917244; 0.10919701; 0.21163413; 1.38931531
2; 1.06430401;-1.27900462;-0.4327831 ;-1.10865341; 0.14460218
2; 1.05521339;-0.87459191;-1.37278495;-1.37902651; 0.99788018
2; 1.2806096 ;-0.12788239;-0.26060851;-0.14450724; 0.64707153
2; 0.91268393;-0.54159184; 2.00309624; 0.57829002;-0.18744023
2; 1.16484817;-0.85121945;-1.16763469; 1.19104555; 0.47093315
2; 1.52139703;-0.55797059; 0.16430113; 1.32900303;-1.01503046
2; 1.4693109 ;-0.94245058;-0.10881198;-0.01267621; 0.73418817
2; 1.37803277;-0.93417479;-1.45547474;-0.17753795;-1.22469986
2; 1.22984886;-0.15486222; 0.42320167;-1.70118305;-0.01212599
2; 1.5740805 ;-0.74747169; 0.61270448;-0.30600318;-0.22781482
2; 0.90022463;-1.55435235;-0.05862615; 1.9266806 ;-0.11517551
2; 0.98365398;-0.35939686; 0.34205596;-0.31922567; 2.20220037
2; 1.24223209;-0.5512479 ; 0.83573745; 1.24222701; 0.65039728
2; 1.20709467;-0.94802697; 0.00402019;-0.23763115; 0.29706086
2; 1.09927991;-0.93140442;-1.89552816;-1.26706764;-1.51625309
2; 1.5126243 ;-0.55964006; 1.70554341; 1.63264414;-0.17356237
2; 1.41790831;-0.3282437 ; 0.39289771;-0.96832519; 0.28059407
2; 0.98551635;-0.57967392; 1.15932573;-0.97513581; 1.24889204
2; 0.77775845;-0.48455273; 0.39912986;-1.49823287; 0.48844984
2; 0.98082075;-0.57098527;-0.80809409;-0.05595046; 1.38869325
2; 0.57731638;-0.83516264;-0.26414377;-0.48810376; 0.27943252
2; 1.29723239;-0.57364663; 0.20860729;-0.54309325;-1.12550266
2; 1.25599829;-1.24364382; 0.55507669;-0.22327017;-1.56417168
2; 1.08401374;-1.13300842; 0.69490648; 0.32198791; 0.4021558 
2; 0.95389324;-0.57195513; 0.56382033; 0.66302773; 0.2669342 
2; 1.24002226;-0.46081325; 0.12260157;-2.17069258;-0.62979474
2; 0.98619746;-0.71397739; 1.03104001;-0.06010645; 0.07910318
2; 1.09445971;-0.66564674; 0.33702444;-0.33397346; 0.66666681
2; 1.278216  ;-0.0767158 ; 0.08683895; 1.94514373;-1.90627225
2; 1.29317976;-0.20965359; 1.40552878; 1.52778321; 2.09093774
2; 1.47835502;-0.08185068; 0.36832874;-0.87894925;-0.45173981
2; 1.11582219;-0.91236924;-0.7440109 ;-0.94209365;-1.1594472 
2; 1.02897323;-0.85808063;-0.28669095;-0.27443057; 0.26490563
2; 0.89866553;-0.90517578;-2.31843934;-0.11013839;-0.69011778
2; 1.32255719;-0.40170224;-0.82680883; 0.47274795;-0.22016099
2; 0.63174014;-0.91448407;-0.88463867; 0.58415419; 0.35878987
2; 1.41507313;-1.1352424 ; 0.30699437;-0.65753743;-0.56041264
2; 1.13755629;-0.58900438;-0.88424269; 0.57272333; 1.41062456
2; 1.39313727;-0.67224808; 1.36268713; 1.25115424; 0.3261192 
2; 1.41799976;-0.59292614;-0.34842227;-0.08194244;-0.65109972
2; 1.03197861;-0.79288663; 0.69007037;-1.10584746; 1.02393782
2; 1.254529  ;-0.430727  ;-1.20124246;-0.94756412; 0.03109291
2; 1.13384675;-1.09507755; 0.21636615;-0.91847441; 1.57458896
2; 1.03784236;-0.61925014; 1.15575659;-0.74190157;-0.23316214
2; 0.98264945;-0.34838271; 0.94261631;-2.1789194 ; 0.07919705
2; 1.69109537;-1.13704033; 0.5234873 ;-0.62216762;-1.01999028
2; 0.43277003;-0.4680027 ;-0.89622446; 0.07496816;-0.77815432
2; 1.23808369;-0.57990656; 0.95721413; 0.94143219; 0.8538546 
2; 1.0158076 ;-0.81401522;-0.85670407; 0.26939331;-0.5885725 
2; 1.07424006;-0.77597031; 0.1944196 ; 0.53194383;-1.33581934
2; 1.32474254;-0.57826134; 0.88227425;-0.65905296;-0.03733463
2; 1.27492316;-0.7729517 ; 1.14838756; 0.97586739;-2.11249878
2; 1.50304905;-0.34518911; 0.5212204 ; 0.44202065;-1.29808663
2; 1.5902774 ;-0.62080293;-1.6456198 ;-0.98906157; 1.16318006
2; 1.85484202;-0.76284633;-0.53306831; 0.1995959 ;-2.13736342
2; 1.33849117;-0.42042935; 0.87541346;-1.04249174; 0.3542979 
2; 1.21287383;-1.22415071;-0.67074915; 0.51790731; 0.10932989
2; 1.3635802 ;-0.99025879; 1.32032905;-1.04689689; 1.66761815
2; 0.85273215;-0.84984239;-1.01434263;-0.06773679; 0.17210688
2; 0.75587034;-0.8977885 ; 2.00866591;-0.283738  ;-0.46710015
2; 1.69286865;-0.19991722;-0.53110789;-1.01495992; 0.2236943 
2; 1.32878487;-0.75163068;-0.95735315; 0.93569754;-0.41611138
2; 1.2298632 ;-0.39883187;-0.2039696 ; 0.19260326; 1.05052782
2; 1.73360347e+00;-7.94268356e-01; 1.08651721e+00;-5.67751394e-01; 1.66553007e-03
2; 1.26477163;-1.19430729; 0.42255854; 0.36138039; 0.82789017
2; 1.86017424;-0.37228941;-0.38589441;-0.97797628; 0.71064109
2; 1.15972579;-0.72070255;-0.68608436;-1.21476363;-0.65663387
2; 1.49139094;-0.63542416; 0.99662875; 1.18818562; 1.29492782
2; 1.24908342;-0.88678698; 1.17987781;-0.44595943;-0.62876924
2; 1.07869886;-0.08887687;-0.74924488;-0.19722176;-0.01597292
2; 1.16475078;-0.88353366;-0.1008764 ;-2.51200381; 0.39828271
2; 1.22703673;-0.53426762; 0.73758429;-0.71350363; 0.04784297
2; 1.44717965;-0.69938038;-0.01315588; 0.98325434; 1.53125849
2; 0.93072985;-0.3595263 ; 0.97640765; 0.73589385; 0.15652586
2; 0.76804035;-0.8395008 ;-0.95072396; 0.56316346;-0.11793445
2; 1.39318588;-0.54882319;-0.28889592;-0.95806117; 0.8961807 
2; 1.51762497;-0.73155254; 0.41002032; 1.04462669; 1.45349164
2; 1.15490023;-0.38300758; 0.9158979 ; 1.29245381;-0.12101869
2; 1.12386129;-0.45754424; 0.37145206;-0.33804317;-0.08230188
2; 0.890372  ;-0.9679636 ;-0.45075724; 0.08917955; 0.5809007 
2; 1.18770418;-1.15825531;-1.39494496; 0.13831404;-0.51984285
2; 0.93492994;-0.51942571;-1.24440567; 0.75429481; 0.03204767
2; 1.41670792;-0.85187106; 0.95437353;-0.57488395; 0.92102929
2; 1.38811212;-0.44486155; 0.25217747;-0.2842861 ; 1.2894565 
2; 1.24489825e+00;-3.50567111e-04; 1.05029161e+00;-5.78568051e-01; 1.73642071e-01
2; 0.79308198;-1.03198272;-1.83115789;-0.71723333; 0.20771399
2; 0.57632348;-0.28320359;-0.98973514;-0.57883663;-1.47478103
2; 1.08358179;-1.21310759;-0.09492736;-0.7013194 ;-0.02246675
2; 1.51804517;-1.00535827; 0.03005939;-1.06232603; 0.1843694 
2; 0.74630305;-0.37157367;-0.44000729;-0.8547007 ;-0.5256045 
2; 1.19849355;-0.22319088; 0.83430585; 0.53949593;-1.90211839
2; 0.94314047;-1.00897785; 0.14379056;-0.70707596; 0.94098085
2; 1.7977224 ;-1.47988634; 1.68756679;-3.43406152; 0.05238236
2; 0.68240671;-1.34585326;-0.91799772; 1.16125967;-0.59146858
2; 1.15355971;-1.14587975;-0.29239981; 0.52229987; 1.00441568
2; 1.47514855;-0.57186771; 1.29869684;-0.43388414; 0.01299768
2; 0.83376915;-0.31000212; 0.88682106;-0.65996655; 1.5466363 
2; 1.55355099;-0.88001836;-1.14878142; 1.25809492;-0.8378149 
2; 1.20045176;-1.02162301;-0.95352874;-0.09053452; 0.08949444
2; 1.15253311;-1.20173973;-1.34554459;-1.25562747;-0.1400225 
2; 1.1270698 ;-0.57344863; 1.02281059; 1.65729737;-2.30597532
2; 0.97938053;-0.53931714; 0.12474564;-0.75952298;-0.10168924
2; 1.60345567;-1.14020933; 0.31837142; 0.43752362;-0.10669206
2; 0.83397526;-0.92761874; 2.00589728;-0.54822069;-0.31748105
2; 0.81749063;-0.59402996; 0.29754829;-0.16531548;-1.80741569
2; 1.44994857;-0.74635211; 2.34808589; 0.24743956;-0.69698496
2; 1.12349684;-0.20291767;-0.4785243 ; 2.42199202; 0.17476394
2; 1.25502464;-0.70937068; 0.30618476;-1.5144612 ;-0.12751272
2; 2.26351696;-0.41128378; 0.70805119;-0.80944833;-1.00097688
2; 1.21745228; 0.06051131;-1.45502478; 2.14057441; 0.7583623 
2; 0.60611208;-1.2094835 ;-1.87236113; 0.73181191;-1.66715801
2; 1.1099024 ;-0.44144018;-0.65880319; 0.2018027 ; 0.75314979
2; 1.20709429;-1.2229762 ;-1.24998862;-2.32316652;-2.35822949
2; 0.77301426;-0.48542955;-0.19071612;-0.44922634; 0.46387961
2; 1.14275343;-1.09428144; 0.81557524; 0.3002919 ; 0.52086555
2; 1.6765391 ;-0.25005055;-0.55869297;-0.47648739; 0.39844942
2; 1.3000055 ;-1.15448834; 0.13812787; 0.27246984;-1.55218792
2; 1.39276534;-0.86750734;-2.03404458; 0.05268859;-0.41341023
2; 1.29979698;-0.30894435;-1.62004696; 0.7873109 ; 0.32998055
2; 1.0577755 ; 0.17726768;-0.29010315;-0.69562854;-1.49832626
2; 1.15738307;-0.57202095;-0.0679875 ; 0.11423027; 0.63967208
2; 1.14977636;-0.53272848; 0.54545741; 0.33138549; 0.42973322
2; 1.51072079;-0.15977217; 1.51791919; 0.16449067; 2.57382541
2; 1.8351171 ;-0.88124692;-0.16295614;-1.35474721; 1.01443546
2; 0.87418115;-0.19153347;-0.17774923; 0.35489198;-0.87877713
2; 1.3706883 ;-1.03651797;-1.58561598; 0.33975573; 0.7300357 
2; 0.87101185;-0.89851484;-0.10237038; 0.03424501;-2.00348   
2; 0.9748162 ; 0.04359746;-0.48464502; 1.22657982;-0.46527099
2; 1.13573576;-1.07652889;-1.27602367;-0.73405814;-0.27411441
2; 0.96588296;-0.7207686 ; 0.59751417; 2.33762695;-1.74936065
2; 1.21725037;-0.55861105;-1.62324635; 1.09105243;-1.49166847
2; 1.34710637;-0.35903628;-0.12071561;-0.01056469;-0.19153705
2; 1.2975846 ;-0.27491617;-1.3379305 ;-1.07289539; 0.70228369
2; 0.92829738;-0.78374328; 0.18347481;-0.67521736; 1.29288243
2; 0.99287378;-0.6136954 ;-0.61004133; 1.09814736;-0.96412084
2; 1.36525777;-0.62833679; 0.32184892; 2.79885325;-1.4445036 
2; 1.5156752 ;-0.82827277;-0.41801   ; 0.01495866; 0.82083884
2; 0.86276739;-0.83746565; 0.26806346;-1.656827  ;-0.44678954
2; 0.83384279;-0.71088101; 0.02779786;-0.74367892; 0.42334914
2; 1.35692931;-0.50800223; 0.53405212;-0.36133921;-1.98405489
2; 0.62652255;-0.70026124;-0.24059419; 0.91374639;-2.30894906
2; 0.59310097;-0.45806268; 1.41577891;-0.55184893; 0.67176208
2; 1.60499362;-0.79101567;-0.52623659;-0.35703253;-0.21704782
2; 0.97817324;-1.55395413;-1.28139419; 0.16038427;-1.36427377
2; 1.18701073;-0.42555404; 0.21536157;-1.05877165; 1.0779465 
2; 0.46923125;-0.8086324 ; 0.70172637; 0.81943944;-0.2656823 
2; 0.74494544;-0.62272717; 0.04276681;-0.83437705;-1.75365148
2; 1.23103692;-0.43696337;-1.54981424;-0.18247462; 0.96613404
2; 0.61290859;-0.69606354; 0.72429201; 0.51234721; 0.44819857
2; 1.37136119;-0.94380788;-0.49143886; 0.55597674; 2.49764923
2; 1.39522794;-0.17297797;-1.41976053; 0.01617155; 0.57763308
2; 0.54026417;-0.14496075;-0.75501079; 1.08315439;-0.03865405
2; 1.11905022;-0.67939261;-0.41461691;-0.94895425;-0.80733995
2; 0.39889765;-0.66849478;-0.60085873;-0.88255867;-1.38969765
2; 1.40128651;-1.06659834; 0.45161376; 0.58413097;-0.7482674 
2; 0.92045314;-1.47142613; 1.09461146; 1.6342562 ; 0.82118015
2; 1.49601602;-0.44918264; 1.30597325; 0.48115987;-0.9398727 
2; 1.02340984;-0.80922122;-1.33110452;-0.5647094 ;-0.29688116
2; 1.15843931;-0.80824275; 0.47423595;-0.78951493; 0.19620923
2; 1.01751134;-0.7486747 ; 0.27508941; 0.43224955; 0.03399202
2; 1.12465458;-0.53759535;-0.08495571;-1.27226033; 0.61457923
2; 1.52519017;-1.04146431;-0.42496826; 0.28612222;-0.3855271 
2; 1.50492161;-0.97501916;-1.76734881; 0.12027022;-0.56348735
2; 0.67276508;-0.64036371; 0.0680852 ; 0.1331881 ; 1.30947727
2; 0.83516504;-0.20345912;-1.49939307;-0.92583079; 1.25847637
2; 1.04997372;-0.37909844; 0.71084222; 0.90531974;-0.60809425
2; 1.29171482;-0.59496939; 0.29868195;-0.62942006; 0.71156519
2; 0.70039224;-0.49110007;-0.98297467; 0.82538268; 0.6613419 
2; 0.7061155 ;-1.09939003;-1.00100051;-1.44187526;-0.01013648
2; 1.26170268;-1.09849301;-0.2492281 ; 0.42983744; 2.28847987
2; 1.12538369;-0.76953086; 1.01753084;-0.89112883;-0.89667779
2; 1.0206724 ;-0.27132833; 1.2011467 ; 0.69759328;-0.44615802
2; 1.01886543;-0.06460515; 1.57113655; 1.17950469; 0.7849554 
2; 0.97030958;-0.58454932; 1.09923899; 0.27088917;-2.56899425
2; 0.90411461;-0.46878678; 0.18225581;-1.47677134;-1.82518648
2; 1.30325922;-0.85105176; 0.05687581;-0.7313834 ;-1.41127915
2; 1.19424459;-0.38041563; 0.40376677; 0.39268329;-0.66875061
2; 1.19723553;-0.16722478;-0.41425452; 0.72207173;-1.14978204
2; 0.40909107;-0.55378197; 0.70352898; 1.21963196;-0.77919894
2; 0.88143564;-0.45446408; 0.97211948; 1.06977188; 0.89520733
2; 1.08334737;-0.7583282 ; 0.46519178;-0.12017097; 1.02547953
2; 1.39113023;-0.78698666;-1.31743063; 0.59739061;-0.2660639 
2; 1.07748234;-0.5852922 ; 0.29361559;-1.12629723; 0.06696859
2; 1.14118411;-0.95916604;-1.35246679;-0.60091839;-0.72797525
2; 1.11684586;-0.94077603;-1.69925746;-0.1456056 ; 0.39441615
2; 1.06306739;-0.83906408;-0.8139664 ;-0.43467234;-1.93489464
2; 1.75494315;-0.9831342 ; 1.41172303; 0.485085  ;-1.74764396
2; 1.06417106;-0.63202651;-0.19081965; 1.57935045; 1.66920849
2; 1.06483051;-0.62363015;-0.47741495; 0.04942354;-1.47772493
2; 1.07759259;-0.3239336 ;-0.96506936;-1.17728417;-0.27135914
2; 0.60703013;-0.94073979; 1.05449116;-0.71230406; 3.08620417
2; 1.47482435;-0.45188376;-0.96467804; 0.33348153; 0.44061659
2; 0.92944523;-0.46123902;-0.31807778;-1.87353816;-0.12280997
2; 1.1270714 ;-0.53951167; 0.97898958;-0.16641254; 0.06698166
2; 1.45428529;-0.92081513; 0.7021489 ; 2.16788694; 1.047974  
2; 1.36328268;-0.62791091; 0.84015856; 0.1979587 ; 1.01536904
2; 1.08701552;-0.64134536;-0.52726768;-1.77951457; 1.54970995
2; 0.82394931;-1.30675737;-1.7366246 ;-0.16554959;-0.63201281
2; 1.53903662;-0.69690055;-1.85909564; 0.52079185;-0.20668409
2; 1.26421668;-0.68729279;-0.27301742;-0.52177546; 1.46490977
2; 1.17513088;-0.81902089; 0.47099837; 0.60406721; 1.58892251
2; 0.85242762;-0.574201  ;-0.75339775;-1.05731226;-0.69493674
2; 1.20597474;-0.60265216; 1.21748535;-0.91236618;-1.04135673
2; 1.36885966;-0.97778183; 0.53168514; 1.45540593; 0.52155956
2; 1.2208685 ;-0.42578068; 0.6404767 ; 1.52428415; 2.12956223
2; 1.44387814;-0.12095517; 1.72368699; 0.41810323; 0.83323537
2; 0.75752476;-0.88827569; 0.50743989;-0.10472458; 0.010512  
2; 1.6084968 ;-0.54061134;-0.82848112;-0.41554231;-0.03613619
2; 1.11102947;-0.7474119 ; 1.61693561; 0.56781945; 0.59692828
2; 1.17518114;-0.67711644; 1.89377703; 0.86449083; 0.72549902
2; 1.1948015 ;-0.51540572; 0.34195545;-0.17563292; 1.49398447
2; 0.29641999;-1.12844214;-2.11434496;-0.17743294; 0.8526804 
2; 1.25997452;-0.59507587;-1.38191326;-0.29400532; 0.43376545
2; 1.58579109;-0.2595388 ; 0.25464735; 0.61128492; 0.2523362 
2; 1.33774107;-0.56073476;-0.96196876; 1.53330631;-0.77381472
2; 1.25878265;-0.53991297;-0.9034714 ;-0.48935286;-2.07146661
2; 1.5013707 ;-0.70144505;-0.42354055;-0.24577654;-1.73618128
2; 1.20537369;-1.07183771;-0.50404898; 0.20071292; 0.45834095
2; 1.28467293;-1.11487471;-0.01653465; 0.50343035;-1.03574854
2; 0.45262511;-0.5386708 ;-0.20069554;-0.18767043; 0.07276097
2; 0.4714147 ;-0.80112728;-1.74713412;-0.00393362; 0.72569903
2; 1.25880338;-0.69548048;-1.84939637; 1.00163694;-1.06881537
2; 1.19769513;-0.78788366; 0.2569606 ; 0.82782481;-0.41702628
2; 0.90852617;-0.3543359 ; 0.12784512;-1.84868276;-0.72169556
2; 1.2344357 ;-1.07324828;-0.41093635;-0.58818645; 0.33372842
2; 1.37941536;-0.65388285;-2.08258631;-1.20908103;-0.54232572
2; 1.40833003;-1.35053382; 0.59723906;-1.49600528; 1.72024952
2; 0.69888289;-0.55846867; 2.1609817 ; 0.6184284 ; 0.47731834
2; 0.83016353;-1.05446617; 0.02009891; 1.42237721;-0.03901868
2; 1.25238538;-0.69213433;-1.63626987;-0.16551731;-0.15256724
2; 1.05929257;-0.68790098; 1.00558581;-0.6553156 ;-0.93853936
2; 0.79355355;-0.84165181;-0.63345833;-0.70406174;-0.26915177
2; 0.92554857;-0.901825  ; 0.64855061;-0.00684668; 2.1234956 
2; 1.42791128;-0.87401378; 1.80270863; 0.99502215;-0.42753925
2; 0.86575373;-0.75092881;-0.20333764;-1.15789994; 0.00598456
2; 1.17924686;-0.80952095; 1.65821085; 1.83346505;-0.2798316 
2; 0.90037844;-0.37794166; 1.31428704; 0.80198185; 0.65435277
2; 1.052928  ;-0.40561283;-0.27100689;-0.28275794; 1.74909589
2; 1.25888988;-0.92047367; 2.17479429; 1.07822609; 0.0158668 
2; 0.94936898;-0.86518433;-0.12688943; 0.80700247; 1.04982883
2; 1.32914917;-0.65627572;-1.2912549 ; 0.60517766; 0.45331079
2; 0.99607587;-0.38217844; 0.28972261;-0.62594213; 1.03315472
2; 1.09671557;-0.90536366; 0.60989577;-0.07008606; 1.25722913
2; 0.84085378;-0.91623439;-0.99951171; 0.81799883; 0.066247  
2; 0.63539591;-0.9763617 ;-0.29763609; 3.29204627;-0.85216112
2; 1.16516565; 0.04516406;-0.85547445; 0.32724221; 1.76729899
2; 1.47737835;-0.41989462;-2.43817895; 0.48433712;-0.01230236
2; 1.37171559;-0.97141506;-0.6912324 ; 0.25372187; 0.73496578
2; 1.37629087;-1.14113169; 0.14904634; 0.95282901;-0.1985021 
2; 1.51383552;-0.07918052; 0.40387822;-0.39474302; 1.69180058
2; 2.16744376;-0.57093322;-0.84363751;-1.67782959; 0.07690339
2; 0.98057338;-0.8857025 ;-1.96110459; 1.50528058;-0.82564199
2; 0.51362523;-0.90296284;-0.70207567; 1.31201928; 0.20525857
2; 0.71472715;-0.71485457; 1.18221743; 1.36772254;-1.76047882
2; 1.63709008;-0.64469428; 0.68877217;-0.79977233;-0.12396266
2; 1.27070967;-0.57936398; 2.13117415; 0.67130363; 1.74403631
2; 1.00471545;-0.65204865; 0.1963566 ;-0.77699231; 1.27198313
2; 1.07699513;-0.67683858; 1.60531378;-0.04138652; 0.63349477
2; 1.2022734 ;-0.96557364; 0.48042729;-0.11013384; 0.27852616
2; 0.92383355;-0.41247339; 0.8493501 ; 0.59816853;-2.12065015
2; 1.1438753 ;-0.44148056;-1.11922577; 0.84961856; 1.10409716
2; 1.56301672;-1.21747903;-0.72211561;-2.22529757;-1.33804694
2; 1.37930436;-0.51006743;-0.84158618; 1.04583176;-2.81178489
2; 1.37650655;-0.86519864; 0.57555839;-0.99820434;-1.03070963
2; 1.38774093;-0.83394623; 0.32620212; 0.13676483;-0.02018355
2; 0.56165463;-0.97112217;-0.5087484 ; 1.5222922 ;-0.33145673
2; 1.39964084;-0.58144019;-1.85565113; 0.75339536;-0.47158577
2; 1.36890614;-1.13535253; 0.33861398;-1.09272855;-0.89839941
2; 1.45278092;-0.88638421;-0.63082901; 1.33853415; 0.2656153 
2; 0.79502901;-0.5617922 ; 0.88319218;-1.44250263; 0.68781109
2; 0.92478985;-1.06249303; 0.70226141; 0.20151922; 0.02574557
2; 0.45168522;-0.74416059;-0.60177563;-0.55806179;-2.20565061
2; 1.47274386;-0.48042458;-0.04319677;-0.9729388 ; 0.74354342
2; 1.36174703;-0.68643885; 0.75473197;-1.30715517;-1.0009529 
2; 0.93238083;-0.94936436;-2.20165393; 0.38122122; 1.5443517 
2; 1.03146081;-0.65330772;-0.61838404;-1.54197993;-0.19831758
2; 0.96339947;-0.95479144;-0.12990572;-2.09256585; 1.26657016
2; 1.14595194;-0.22700989; 0.56811444; 0.00493829;-0.30702927
2; 1.06796001;-0.98487265;-0.55533822;-0.3508753 ; 1.86003691
2; 1.50481047;-0.38097627; 0.65146233;-0.66112045;-0.46363312
2; 1.32302165;-0.36912057; 0.27383619;-1.90167166;-3.4632099 
2; 1.43391901;-0.23029149; 0.06355378; 0.18275956; 1.73366288
2; 1.62237719;-0.81089253;-1.95477612;-0.13731133;-0.08521665
2; 0.4176396 ;-0.69858411; 0.0430462 ; 0.57486651;-0.01204702
2; 1.15375477;-1.11710868;-1.2447276 ;-2.02140718;-0.00994059
2; 1.00532554;-0.81476033;-0.48401083; 0.76415519;-0.16789413
2; 1.44459822;-1.0570079 ; 0.68360356;-0.16595791;-0.80639922
2; 0.3123982 ;-0.86233273; 1.37092477;-0.54912624; 0.1156407 
2; 1.15948884;-1.14279018; 0.9205983 ;-1.73290537;-0.47480133
2; 0.88802822;-0.4025279 ; 0.76635736; 0.62392308;-0.54781221
2; 0.98032291;-0.45681185;-1.28895981; 0.18050483; 0.02105703
2; 1.40203442;-0.99639487;-0.05566641; 0.91521425;-0.21306338
2; 1.5016739 ;-0.88996214; 1.79426099; 0.66483898;-1.20716253
2; 1.34133864;-0.30221146;-0.04990774;-1.3798871 ;-0.27104726
2; 1.34115934;-0.54028744;-0.33270352; 3.04803036; 0.02943817
2; 1.11612738;-0.68923515;-1.33704222;-0.55560291;-0.50163797
2; 1.15318374;-1.60857398;-0.09669521; 0.25161236;-1.86032457
2; 1.35060917;-0.6302735 ;-0.5923401 ;-0.63277923;-1.28813255
2; 1.12573539;-1.18697482; 0.51728634; 0.31165895; 1.04892646
2; 1.44712059;-1.1089178 ;-0.62590854; 0.42750428;-0.51298371
2; 1.4180665 ;-0.51179953;-0.39844591;-0.44495721; 1.26667107
2; 0.68974301;-0.75194202; 0.63430068;-0.98945631; 1.62092733
2; 1.52290459;-1.0951396 ; 1.16843406;-1.61392917;-1.29286091
2; 1.19338905;-0.59994585; 1.33286579; 1.52621623;-0.22586337
2; 2.02229937;-0.60343226; 0.31578653; 0.23039806;-0.63463558
2; 1.36977411;-0.72665511; 1.19836371; 0.14928041; 0.60360688
2; 1.54972058;-0.52564361; 1.95194465;-1.36960558;-1.43986358
2; 0.71703822;-0.61337813; 0.90508348; 0.19793736;-0.76061753
2; 1.29754236;-1.24620588;-0.77625244;-1.83099188; 0.71059311
2; 0.93814704;-0.97288856; 0.72212506; 0.28257589;-1.76926407
2; 1.42459638;-0.43144784; 1.92433671;-1.18819082; 1.34823959
2; 1.15625105;-0.80185023;-1.72443118; 0.57745534; 0.57547819
2; 1.32784093;-0.79324128; 0.26172948;-0.00995581; 0.98978331
2; 1.3272487 ;-0.92427754;-1.43140429; 1.01112074; 2.24907951
2; 1.72217573;-1.08845193; 0.82765478;-0.38127884; 1.03712158
2; 0.6472324 ;-0.70732264; 1.48474811;-0.40653455;-0.33386746
2; 0.86435998;-1.27070766;-0.25499504;-0.9981253 ;-0.16734177
2; 1.21233221;-0.53731433; 0.00985243;-1.16245326;-1.84252233
2; 0.99338827;-0.07263684; 1.46643974; 0.88638672; 1.49582559
2; 1.45154923;-0.59262987; 1.11146596; 0.17600937;-0.09417321
2; 0.83703267;-0.670368  ;-0.76189268;-0.17943348; 1.5226989 
2; 0.79761941;-0.98075028; 0.31022451; 0.14225314; 0.34065015
2; 1.65026256;-0.88216144; 1.22038553;-1.77112446;-0.5915687 
2; 1.03303917;-0.61017319;-0.41045719; 0.96180665; 0.04889736
2; 1.60165199;-0.08528807; 1.85333437; 0.03053088;-0.9650063 
2; 0.96718499;-1.69789112;-0.8131011 ;-1.80353001;-0.24023821
2; 1.19051425;-0.277537  ; 0.80685382; 1.56903142; 0.53329476
2; 1.19529791;-0.81820909; 0.77517333;-0.54522509;-1.52840496
2; 0.90086194;-0.25348576; 1.96895216;-0.8867851 ; 0.33048234
2; 0.97428763;-0.51848455;-0.06206875;-0.4666325 ; 0.04164046
2; 1.30520931;-1.21632584;-0.1134862 ;-0.79218195;-0.95213457
2; 1.49952744;-0.54470962; 0.32008025; 0.50130891; 0.91828492
2; 1.01507199;-0.32907189; 0.93122989; 1.01693207;-0.65739033
2; 1.46277905;-1.26195169;-0.75337803; 0.46762942;-2.14114126
2; 0.66319663;-0.45018262;-1.36293702; 1.41603259;-0.15324359
2; 1.23781873;-0.8590192 ; 0.6653572 ; 0.33474342; 0.06525563
2; 1.27978393;-0.84785533;-0.77383698;-0.12854042; 1.10693005
2; 1.66937357;-0.68202103;-0.50189059;-0.59413274; 0.17160106
2; 1.59308119;-1.04647943;-1.61716958;-0.6587626 ; 0.41807925
2; 1.19726058;-0.73878883;-0.13830678;-0.1971225 ;-0.54316076
2; 1.22218782;-0.67816829; 0.55690998;-0.75636154;-0.94219204
2; 1.02850982;-0.19944079; 1.36178812; 0.64671706;-0.09721674
2; 0.91518499;-0.59491886; 0.0730795 ; 0.15091353;-1.70274429
2; 1.25104654;-1.02466309;-0.666408  ;-0.38944978;-0.77717955
2; 1.5714388 ;-1.08195702;-0.01523913;-0.4859738 ; 0.45773987
2; 1.27896254;-0.58506427; 2.47407152; 0.92769077; 1.21682924
2; 1.20638336;-0.71511645; 0.87906952; 0.2839006 ; 1.60247745
2; 1.09407958;-0.63125581; 0.56879735; 0.09503588; 1.31505176
2; 1.64631787;-0.37431339;-0.74394255;-0.53979395;-1.5087985 
2; 0.9294003 ;-0.53617572;-0.4770311 ; 0.48706257; 1.14257537
2; 0.9558315 ;-0.93146798; 0.054048  ;-0.93952317;-0.49743328
2; 1.32163641;-0.17371682;-1.66798355; 0.07485155; 0.01330155
2; 1.05188794;-0.48335782;-0.8916836 ; 1.04096972; 0.99342542
2; 0.52113354;-0.05332562;-1.34725141; 0.20959314;-0.02346321
2; 1.42272604;-1.0011526 ; 0.92990901; 1.6324536 ; 1.01358608
2; 1.62843483;-0.93197297;-1.39649442;-0.87865105; 0.37241141
2; 1.21660498;-0.20262901;-1.14199312;-0.07701293;-0.45543603
2; 1.00307784;-0.75172869; 0.75119712; 0.15691529;-0.30092204
2; 1.60140848;-0.17349085; 0.6945711 ; 0.97149861; 0.09844159
2; 0.3754777 ;-0.40160182; 0.34293333;-0.799164  ; 0.88248611
2; 0.93770779;-0.5719358 ;-0.23331931;-2.4620481 ; 0.16705983
2; 1.13114813;-1.19476274;-0.31435917;-0.13793084; 0.66210272
2; 1.02911395;-0.6835645 ;-0.34451573; 0.46850527; 0.0075599 
2; 1.64935733;-1.25086242;-2.13459799; 1.30911602; 1.00010713
2; 1.51464494;-0.44954865; 0.96880383;-1.13088694;-0.03964617
2; 0.90738126;-0.63004155; 1.97693685;-0.19599552; 1.72176429
2; 1.28154455;-0.64762078; 3.06271912; 2.82545895; 0.28236595
2; 1.03107914;-0.26105607; 1.32311555;-0.68335028; 1.31102097
2; 1.60875759;-0.47014201;-0.29909542;-0.06166502; 0.00935326
2; 1.07836044;-0.2886188 ; 0.81198511; 1.213661  ;-2.14123219
2; 1.27674834;-0.23665963;-2.1106411 ; 0.30597582;-0.48933529
2; 1.14516587;-0.82117431; 2.04744674;-0.8158382 ;-0.86369521
2; 1.17347125;-1.04483152;-0.40914554; 1.32374704; 0.53833129
2; 0.66282255;-1.31037319; 1.4681988 ;-0.5397774 ; 1.15493724
2; 1.4288028 ;-1.19278682; 0.32687968; 0.4728066 ; 0.55521827
2; 1.69157104;-0.74079536;-0.94395011; 0.33239315;-1.99398225
2; 1.424889  ;-0.88302674;-0.38344394;-0.61415675; 0.30954127
2; 0.84247171;-0.56664142; 0.48049048;-0.63210933; 1.09111345
2; 0.98397124;-0.53297996;-1.06438958;-0.25168048; 1.02677272
2; 0.75314049;-0.93002529;-0.34541263; 0.29091888; 0.52972678
2; 1.25468637;-0.7065912 ; 1.31843677;-0.36194662; 0.80014502
2; 1.5994629 ;-0.83196705;-1.41888443;-0.65113177;-2.14905522
2; 1.47647295;-0.52829668;-1.28093397; 0.56406277;-0.34940739
2; 0.76724603;-0.31838366;-0.89769028; 0.16331147; 0.1621924 
2; 1.06968136;-0.16261797;-0.19576495;-0.20935414;-0.17169362
2; 0.97022348;-0.72540952; 0.86661844;-0.08136932; 1.11417011
2; 0.72359852;-1.29108245;-0.65391954; 0.4060999 ; 1.64657956
2; 1.16441111;-0.80750821;-0.39177803; 0.0854675 ; 0.82670525
2; 0.87620739;-0.41423588;-0.78465116;-0.73988701; 0.3335655 
2; 1.34386633;-0.66341849; 0.65851886;-1.3634873 ;-0.15159488
2; 0.84545651;-0.77411088;-0.77647381;-0.90328512; 1.71296746
2; 1.40234272;-0.56068589;-1.12694408; 0.8599584 ;-0.8293273 
2; 1.14648163;-0.8526906 ; 1.19309381; 0.08079725;-0.37471271
2; 0.9538224 ;-0.24057388; 1.59014329; 1.20077619;-0.29270517
2; 0.41751862;-0.43410449; 0.23707642;-0.41409671; 0.0232419 
2; 1.11103118;-0.87050672; 1.53190209; 1.17717281; 1.94804477
2; 1.41405744;-1.01154338;-0.62307954; 0.23940668; 0.45340534
2; 0.73562132;-0.10351513;-0.25546158;-0.25325325; 0.08722686
2; 1.59381379;-1.04147176; 0.99957204;-0.85110033;-0.17388261
2; 0.73613508;-0.87364355; 1.50504337; 0.12566816;-0.15059512
2; 0.44081812;-1.57053438;-0.13832475;-0.27273304;-0.84424215
2; 1.20255883;-0.64222843; 0.39587604;-0.20818992; 0.49739592
2; 0.95992153;-0.90487285;-0.28529777; 1.12878865; 0.73467516
2; 1.25060604;-0.58169567; 0.91357912;-1.70016068; 1.73150391
2; 0.76292868;-0.56127326; 1.09174466;-0.37339876;-1.69976893
2; 0.89051339;-0.74127089;-0.51850102; 2.0725764 ; 0.59206148
2; 1.73153882;-0.52795329; 1.31682828;-0.39285295;-0.47047185
2; 1.01397894;-0.70568156; 0.24144661;-0.22041682; 0.22203494
2; 1.25887828;-0.71921432; 1.67865347;-2.07962577;-1.24838677
2; 1.504317  ;-0.45504137; 0.21514238;-0.65398975;-0.81737608
2; 1.08300068;-0.47655184;-1.0321942 ;-2.04591605; 0.64438039
2; 1.26653125;-1.05543864;-0.67773202; 0.64892258;-1.39422624
2; 1.51126073;-0.24178741; 0.39335494;-0.6679009 ;-0.99390813
2; 1.412116  ;-0.50270485; 0.50052665; 1.27172714; 1.14950838
2; 1.80602221;-1.09970802;-0.81383995; 0.55544357; 0.52171354
2; 0.89881151;-0.86541772; 0.36725112; 1.18432777; 0.46799282
2; 0.94421677;-0.84658662;-0.3362536 ;-0.70064899;-0.83911691
2; 1.63032867;-0.26517792;-0.4261526 ; 1.0710553 ; 1.62170366
2; 0.91987243;-0.43516154;-0.89155228;-0.1018604 ; 0.41640276
2; 1.04470294;-0.66572265; 1.68122489; 0.71768834; 0.69674421
2; 1.37106151;-0.63929312;-0.89450188; 0.20626846; 1.28970923
2; 1.40276081;-0.39643376; 0.34762315; 0.26353379;-0.69761269
2; 1.36312183;-0.82354157;-1.92290115;-0.56393813; 0.86554081
2; 1.25598265;-0.59244938;-0.54195747;-0.28911354; 0.22403221
2; 0.95844206;-0.87361191;-2.42766788;-1.04124716; 0.0131414 
2; 0.98303776;-1.10892361;-0.29623319; 1.34277816;-1.71286901
2; 1.08883128;-0.74750239;-0.90784557;-0.50635413;-0.20996256
2; 1.45548706;-0.66216959; 1.5637208 ; 1.0525279 ;-0.68282876
2; 1.41330188;-0.43945119; 0.67244035; 1.35412555;-1.31212695
2; 1.4548646 ;-0.86828929; 0.04596472; 0.28467319; 1.00761918
2; 0.60038417;-0.66895752; 0.775521  ;-0.34335112;-0.91184007
2; 1.34720395;-0.56146208; 1.37525431;-0.39530673; 1.60702251
2; 0.29830547;-0.6001934 ; 0.74081371;-0.17895724; 1.20244439
2; 2.04984666;-0.51825321;-0.16359035; 1.22351696; 0.89025941
2; 1.23790752;-0.63864101; 1.09667676; 0.32701659;-1.07089976
2; 0.71479935;-0.54566972;-1.19816877;-1.09747209;-1.91024654
2; 1.27912179;-0.54688504;-0.51263105; 0.88506552;-0.89410217
2; 1.17976773;-0.65499946;-0.59491495; 1.29582927;-2.47283941
2; 1.31116445;-1.0515252 ;-1.42533814; 1.22124686;-1.01226578
2; 1.2632762 ;-0.54235502; 1.02902811; 0.92178311; 0.32705234
2; 1.07613248;-0.91383046;-0.28743082;-0.4521756 ;-0.06187901
2; 0.99138748;-0.32930622;-0.89541834; 0.77685025;-0.33166656
2; 1.13506288;-0.90587446;-1.15868406;-0.61633729;-0.27756641
2; 1.05724485;-1.22230044;-1.00472143;-1.46553955;-1.28536988
2; 0.99432693;-0.79361594;-0.90717439; 0.0700394 ; 0.33153842
